2000
40.9960555556 -80.9046108609 0.941808824536
35.0793888889 -74.6574261762 0.954734781407
33.7627222222 -82.7899336837 1.22426032992
33.7710555556 -74.2501438939 -0.721363828581
40.1710555556 -84.1234547047 2.54266696074
35.7710555556 -75.5968030531 -0.251290327752
36.6793888889 -79.4725538038 0.319447010463
35.5793888889 -77.7974411912 -0.29470392508
37.5127222222 -74.3355417918 -0.363114326893
36.0710555556 -81.6337775275 -0.387021280841
32.9127222222 -76.4704892392 0.210261568014
34.5293888889 -74.4340778278 1.1148391324
37.1710555556 -76.3194006507 -0.756084159761
42.7460555556 -76.1486048549 -1.03019224301
41.7293888889 -77.9485297798 -0.929336005756
39.4460555556 -77.4755568068 -0.908825813146
39.5377222222 -82.7833646146 0.756518656557
34.8627222222 -77.3507444945 -0.0314796162572
34.4710555556 -80.2017204705 -1.41536367342
39.5460555556 -76.9040477978 -1.16830683621
42.0793888889 -80.9111799299 0.725570171353
37.7543888889 -81.9425237738 -1.3889358764
34.4627222222 -77.1076889389 -0.206618237202
33.1710555556 -82.8293480981 1.68360500463
39.0377222222 -79.4791228729 -1.84329934103
36.4293888889 -77.3178991491 -0.220243413383
38.3127222222 -78.4871934434 -1.10118451045
42.7460555556 -83.8803991491 0.955967014182
40.3877222222 -77.0025838338 -0.98450264702
36.9960555556 -80.6615553053 -0.436663249432
41.7627222222 -74.2501438939 0.541866450019
42.7127222222 -73.7246183684 0.765541926041
34.6877222222 -77.4295733233 0.049591757415
32.8127222222 -76.260279029 0.751601545634
42.9210555556 -82.3235297798 0.348841401149
34.6127222222 -83.5388075576 -1.3217470292
39.6627222222 -73.5735297798 -0.39660576834
41.9877222222 -83.3088901401 0.266677300171
35.6710555556 -80.3790853353 -0.997390822508
34.7460555556 -77.8499937437 -0.293223479092
34.1877222222 -76.7529592092 -0.0057094680211
37.9877222222 -77.1076889389 -0.406172067922
32.9293888889 -82.25127002 -2.05344390923
41.8377222222 -80.635279029 0.733367446996
34.9043888889 -77.8237174675 0.0089452972413
42.9627222222 -76.8843405906 0.0462417754326
33.5043888889 -79.5448135636 -0.47023386564
42.1377222222 -81.5746559059 0.140722731608
40.1460555556 -76.6675613113 -0.911608034077
37.8877222222 -73.6983420921 1.60140864428
33.7960555556 -77.9419607107 -0.0484216109276
36.2210555556 -77.587230981 -0.155454586567
37.4460555556 -82.6388450951 0.0991556721401
34.3127222222 -75.2683495996 0.158545920829
37.3793888889 -83.0789727227 1.54696756629
36.5877222222 -74.834791041 0.283877088038
33.9710555556 -81.2396333834 -0.414594795813
39.5543888889 -76.5755943443 -0.894326098735
38.1460555556 -74.7428240741 -0.0248283454404
41.6960555556 -79.4528465966 0.77533697694
34.8960555556 -78.0536348849 0.043942812992
38.7460555556 -76.4047985485 -0.434643499349
36.6210555556 -75.9186874374 0.38192587318
38.6293888889 -77.9550988488 -1.04635333111
40.5543888889 -75.8398586086 -0.754860664544
41.1210555556 -73.4158721221 0.961800852621
42.6127222222 -74.1450387888 0.480584730988
36.7460555556 -77.1208270771 0.398271129786
36.0710555556 -79.7615928428 -1.72021934044
41.7627222222 -81.1673736236 -1.26355440174
40.4377222222 -78.6054366867 -1.01346807663
41.4293888889 -79.6302114615 0.743593261572
35.1210555556 -74.6902715215 1.08671091112
33.9293888889 -78.257276026 -0.246176799694
41.7127222222 -81.4958270771 0.249195045971
35.2127222222 -80.3922234735 0.550619622781
33.7460555556 -74.9990177678 -0.774666205128
41.6627222222 -76.5164727227 -1.01800514376
38.0127222222 -76.9303240741 -1.07792041858
40.9293888889 -78.7762324825 -0.876968995674
42.2793888889 -76.7595282783 -1.13777907345
42.1377222222 -81.2264952452 -0.547400640831
41.6127222222 -83.3614426927 -0.900304366693
33.4127222222 -77.7120432933 0.127099488544
37.1377222222 -76.7595282783 -0.0835830973333
35.9043888889 -78.7959396897 0.00633412917924
33.8710555556 -75.780736987 -0.378267776595
39.0877222222 -80.8323511011 -0.585821004468
40.0293888889 -75.6230793293 -0.181698457562
35.0460555556 -83.2431994494 -0.567596106086
40.8627222222 -81.5615177678 -0.655314171791
37.9877222222 -76.7201138639 -1.03768289689
33.9210555556 -75.1960898398 -0.530244827297
36.7877222222 -75.2552114615 -0.0887050674329
41.3960555556 -76.8186498999 0.433702066502
35.5210555556 -84.3927865365 -0.141866524931
35.0210555556 -79.8798360861 -1.08238326139
39.0293888889 -74.4734922422 -0.590523912888
34.9043888889 -73.3895958458 1.43740449779
36.7293888889 -76.1157595095 -0.152559214451
43.2210555556 -81.6731919419 -1.39308683558
37.0877222222 -79.8075763263 0.154070984323
34.6960555556 -75.1303991491 0.118341122498
42.1377222222 -78.828785035 0.833495117092
38.7377222222 -75.0384321822 -0.0843442923397
33.4877222222 -73.6523586086 0.531019370927
36.6793888889 -84.1365928428 -0.813680344404
35.9043888889 -76.8843405906 0.423590660961
34.8877222222 -75.4194381882 0.460311763364
39.9127222222 -80.1491679179 0.5254656041
38.5127222222 -83.2300613113 1.89641943526
34.7043888889 -74.1910222723 1.3311102506
34.0293888889 -74.3880943443 -0.189395876576
42.5043888889 -78.2178616116 0.893425613885
42.7960555556 -82.6848285786 -0.658258776775
37.9877222222 -76.0829141642 0.212533587215
36.1877222222 -80.2345658158 -1.18779732013
37.2627222222 -82.5074637137 0.313207599394
36.0460555556 -77.6397835335 0.0576192357779
35.8960555556 -83.6110673173 -0.186241455903
35.5960555556 -79.4528465966 0.717800675361
35.9377222222 -83.6570508008 0.468173713858
42.5710555556 -77.6135072573 1.83303613592
34.8293888889 -78.6645583083 -0.0188070764629
37.5710555556 -79.0981168669 -1.46173029434
38.4043888889 -83.867261011 2.48544034564
40.1127222222 -78.0930492993 -1.19690313021
32.9543888889 -84.3205267768 -1.14056121171
34.5627222222 -74.7428240741 1.26481878762
36.9627222222 -82.2184246747 0.596629240461
37.6127222222 -83.7884321822 2.20926919229
37.9377222222 -79.0258571071 -1.42379521846
38.7210555556 -76.3785222723 -0.388871301495
33.1293888889 -83.8935372873 -3.09409674254
34.3293888889 -78.1193255756 -0.343845170669
36.4127222222 -82.8293480981 1.29964521318
33.0377222222 -79.0324261762 -0.00406580803517
35.8210555556 -80.2674111612 -0.161945373101
40.5960555556 -83.2366303804 3.40287541814
42.4710555556 -82.9738676176 -0.108369275287
37.8877222222 -73.6260823323 1.75276847881
38.2210555556 -78.8484922422 -0.734415002382
39.7710555556 -74.3749562062 -0.550561258968
37.7793888889 -82.9213150651 -0.448210459223
41.7210555556 -81.1345282783 0.824692448051
41.1543888889 -75.3406093594 -1.09405027199
42.3793888889 -74.545752002 0.442099346776
38.2793888889 -74.5851664164 -0.205639095381
42.5710555556 -77.7383195696 0.97164928368
40.4960555556 -80.9046108609 -0.359570092361
36.8293888889 -75.9843781281 0.412306026629
40.4877222222 -78.5922985485 -0.812326453158
41.6793888889 -82.8753315816 0.362528385512
42.3293888889 -79.0324261762 0.844704932947
35.0627222222 -80.9637324825 -1.17108064795
40.4543888889 -80.0440628128 -0.603992419852
33.6043888889 -82.8490553053 2.38153066977
41.0710555556 -82.0739051552 -0.662318379598
40.4460555556 -82.4220658158 -1.00377321923
41.7460555556 -73.9282595095 0.528479113212
40.8210555556 -76.1551739239 0.53132883415
33.7710555556 -74.9924486987 -0.503086304473
41.3877222222 -80.1360297798 0.706155959595
38.9877222222 -82.2709772272 0.550216141113
41.3043888889 -83.013282032 2.35910589835
34.2710555556 -79.6761949449 -0.0418816866169
37.0293888889 -78.2441378879 0.0554331790252
39.8377222222 -82.6388450951 -0.110080017224
37.0543888889 -79.1638075576 -0.544271940707
33.0043888889 -82.8687625125 1.59157671097
37.4877222222 -75.7741679179 -0.145580828338
34.0043888889 -79.965233984 -1.47573697419
40.8127222222 -76.352245996 -0.566080590524
34.6127222222 -80.3068255756 -1.22513946732
34.2710555556 -83.3680117618 -0.335309934763
41.1460555556 -73.7114802302 0.728926385971
42.0793888889 -80.6024336837 0.752334053651
35.3043888889 -83.5125312813 0.959891990974
37.3710555556 -73.6786348849 2.34683778589
39.7210555556 -74.0333646146 0.21193012695
33.7210555556 -77.6923360861 -0.222435818617
39.7127222222 -79.8272835335 -1.65932315281
41.0127222222 -80.1097535035 -0.974674790749
34.5377222222 -73.7246183684 1.38928296188
40.2793888889 -78.2835523023 -0.967552295288
35.1543888889 -77.8959772272 -0.125357822243
41.0210555556 -81.9425237738 -0.73563856623
39.5293888889 -77.3376063564 -0.950959494493
36.3793888889 -82.9213150651 1.42446614989
43.0210555556 -76.6741303804 0.0757255215905
35.2627222222 -77.7908721221 -0.100807980392
34.9710555556 -83.5979291792 -1.0199757296
35.4210555556 -73.1005568068 2.19281079101
41.1293888889 -78.0536348849 -0.914599375965
38.8043888889 -74.5326138639 -0.0317457842932
39.9210555556 -75.3734547047 -0.615110064885
37.6043888889 -81.4629817317 -0.707535155322
37.5543888889 -79.8601288789 -1.08436655215
33.9460555556 -78.9338901401 -0.339076774227
36.3960555556 -74.8413601101 2.735476491
38.4210555556 -78.8156468969 -1.11273831105
32.8543888889 -81.3316003504 0.461540917049
41.5377222222 -74.5194757257 0.545271146338
34.8127222222 -83.2497685185 -0.395175021766
42.1543888889 -81.4958270771 0.655521407378
42.3460555556 -81.5943631131 0.326289093044
33.2210555556 -83.3351664164 2.70061626773
38.0127222222 -82.1921483984 -1.38037887361
40.2710555556 -80.1097535035 0.778163741531
42.7043888889 -80.8389201702 -0.65292281577
42.8960555556 -80.2082895395 0.841504680429
40.6877222222 -79.9783721221 -0.0841381696476
41.5377222222 -84.3205267768 -0.140925515634
42.7710555556 -80.5958646146 -0.1709747999
34.9710555556 -80.2739802302 -1.22558116618
33.8043888889 -76.2865553053 -0.244153650752
38.8543888889 -74.4275087588 0.00236154732568
33.3293888889 -79.1243931431 -0.110811585962
40.0877222222 -73.2516453954 1.0492816824
37.6710555556 -80.5695883383 -1.84827677354
40.6877222222 -76.9106168669 -1.10578064649
39.2543888889 -81.7914351852 -0.618924145982
36.8960555556 -80.7863676176 -0.670426753321
43.1210555556 -75.2223661161 0.260436887393
34.7627222222 -81.962230981 -0.685938319688
37.8377222222 -74.3092655155 -0.138141325807
39.9210555556 -80.5695883383 -1.80129915248
40.5877222222 -84.2942505005 -0.577727720471
38.8460555556 -80.5695883383 -1.88280981901
33.3127222222 -84.248267017 0.990208670432
36.0710555556 -82.4286348849 -0.695664773208
38.1877222222 -80.8717655155 -1.56272768366
39.0127222222 -82.8819006507 2.2228408669
33.8460555556 -73.2647835335 -0.0869211371622
34.6793888889 -75.6427865365 0.509002095557
32.9710555556 -75.1303991491 -0.559806730888
33.5293888889 -84.3008195696 2.88246760427
33.2543888889 -77.7448886386 0.157489222667
41.1627222222 -81.2396333834 0.340977258088
40.4210555556 -73.6654967467 1.00272535055
34.1460555556 -83.9329517017 0.58410996786
33.8877222222 -76.9500312813 -0.0447001396089
37.5460555556 -83.8147084585 1.01145369724
39.3710555556 -78.6054366867 0.18130295007
35.6543888889 -76.444212963 0.351233559145
38.3377222222 -79.2886198699 -1.43057323119
41.5377222222 -83.4139952452 -0.809850757508
40.7793888889 -81.7520207708 -0.26537344825
33.9127222222 -74.4997685185 -0.779890946074
37.3710555556 -78.8681994494 -1.26897774605
42.8710555556 -79.0324261762 1.09435346706
36.0127222222 -78.8156468969 0.108892417809
41.3127222222 -75.9318255756 0.167971871221
36.8127222222 -73.3041979479 2.07260655609
36.4543888889 -79.6696258759 -0.0916406289856
33.7460555556 -75.5968030531 -0.539543896613
41.2710555556 -76.9303240741 0.820271186503
37.6793888889 -82.7373811311 -1.03790743855
35.0460555556 -82.9213150651 -0.19927913141
41.0293888889 -81.5483796296 -0.99584741539
34.4127222222 -75.7019081582 1.14964718328
36.0127222222 -78.3689502002 -0.378310765047
36.7377222222 -82.5928616116 0.0726060137229
36.3127222222 -76.5230417918 -0.135614501731
35.9127222222 -77.4886949449 -0.118894648997
39.7293888889 -76.6609922422 -0.197265826006
37.6710555556 -75.1501063564 -0.130638529577
37.0210555556 -83.768724975 2.55514101292
39.5127222222 -83.6701889389 1.93712203722
40.7043888889 -82.0673360861 -0.510834550703
37.7460555556 -75.2355042543 -0.272540405034
37.7210555556 -74.3289727227 -0.137444655775
34.7293888889 -75.9121183684 1.11913578139
33.0210555556 -78.3558120621 0.755512906053
39.5710555556 -75.6624937437 -0.149203105647
34.4710555556 -83.1380943443 -0.373688688614
33.0210555556 -74.0333646146 -0.495861806757
37.6793888889 -74.7165477978 -0.236651729327
40.8543888889 -81.5023961461 -0.160563868284
40.3710555556 -80.8849036537 -0.836633743765
41.5543888889 -75.5048360861 -1.16138087349
34.9710555556 -78.828785035 -0.325377649871
35.5543888889 -74.2961273774 1.372576171
42.4127222222 -82.0541979479 -0.330119081057
33.2127222222 -75.8267204705 -0.416758507775
35.7960555556 -83.775294044 -0.185986316573
41.5043888889 -80.9834396897 0.878633137142
41.8127222222 -78.5988676176 0.566984183135
39.0543888889 -75.7610297798 -0.623224496834
41.2627222222 -74.2304366867 1.19217777428
39.1793888889 -83.9789351852 1.44499794428
37.8710555556 -77.3376063564 0.822240732916
34.6377222222 -84.2351288789 -0.595064078155
40.3127222222 -83.0264201702 -0.12797548457
36.4293888889 -79.5776589089 -1.13103639024
32.8210555556 -81.5680868368 0.325557916423
38.6377222222 -82.2315628128 -0.426062304873
34.1627222222 -81.2527715215 -0.100492208802
41.1210555556 -79.492261011 -0.000816312689541
35.0293888889 -80.4184997497 0.00841476517728
39.1877222222 -77.8828390891 -0.375123289099
37.2627222222 -75.6230793293 -0.188063553832
38.6210555556 -73.6786348849 -0.685771013282
42.5627222222 -75.5968030531 -0.274319035666
34.2293888889 -79.7813000501 -0.131618226917
38.8127222222 -80.2608420921 -1.89310666406
34.9127222222 -79.2886198699 -0.0402731969867
32.9293888889 -74.06620996 -0.495260967331
39.3710555556 -83.7490177678 3.15396013901
35.6293888889 -76.4047985485 0.25526067371
36.1043888889 -77.0748435936 0.16544837548
41.7043888889 -80.6944006507 0.718382160555
41.7293888889 -81.7454517017 -0.358015029313
40.8043888889 -80.7403841341 -1.20612077238
35.4793888889 -78.7236799299 0.124750517329
36.0293888889 -82.8359171672 0.177963798549
39.5793888889 -73.8494306807 -0.462979896819
36.5960555556 -76.5558871371 -0.0379628985504
37.0877222222 -79.9783721221 0.193942444886
33.4793888889 -78.5594532032 -0.240638838475
38.4043888889 -81.7060372873 -0.365357387128
39.1710555556 -78.5922985485 -0.767953308859
34.3877222222 -73.5275462963 1.6167598487
34.9460555556 -77.9288225726 -0.0958465144683
35.5210555556 -81.6666228729 0.26835666789
34.7043888889 -82.7702264765 -0.336878747769
33.6877222222 -82.7636574074 2.01279984972
35.8460555556 -77.2981919419 0.00892462748778
37.3793888889 -80.9965778278 -2.229814249
39.2960555556 -74.8479291792 -0.352767936491
41.5377222222 -76.1026213714 -1.05605172744
33.3960555556 -81.2724787287 -0.446150676962
39.3627222222 -79.301758008 -1.84412836231
40.5127222222 -82.5994306807 -0.376799968113
38.0543888889 -78.822215966 -0.947846278029
40.1793888889 -80.7141078579 0.650058701108
35.2543888889 -79.6236423924 -1.39723671856
34.6877222222 -80.3396709209 -1.33047033727
38.8627222222 -80.9374562062 -0.974495400967
41.9877222222 -77.9025462963 0.640763321808
40.0793888889 -75.6362174675 -0.769810594353
39.4210555556 -82.4549111612 0.798965599599
33.7793888889 -78.2966904404 0.435132346657
33.3793888889 -73.5341153654 0.624042752512
40.9793888889 -73.3633195696 0.8206634114
41.0127222222 -80.438206957 0.755061750932
38.0293888889 -79.0521333834 -1.31057867385
38.0377222222 -78.1915853353 0.0515217180156
37.1043888889 -82.0541979479 -0.221486587851
39.7043888889 -78.4215027528 -1.14440244202
38.4960555556 -78.9733045546 -0.663507795051
41.4627222222 -83.1709396897 0.855210435534
42.4627222222 -76.641285035 -1.03282870918
37.2960555556 -79.3148961461 -0.456332500715
42.7043888889 -77.4624186687 -0.0921856255112
33.8043888889 -79.8535598098 -1.32886779391
36.4127222222 -76.0763450951 0.554128498719
36.7960555556 -80.5958646146 -0.851028599478
40.8127222222 -74.256712963 0.543833130624
34.2377222222 -79.9192505005 -1.17429919818
36.0793888889 -83.9263826326 2.08135238778
38.7127222222 -78.1653090591 0.163709561192
35.8460555556 -79.400294044 0.443123985506
41.3960555556 -81.1542354855 -0.961685468141
36.1627222222 -84.3533721221 -0.972946840605
37.9293888889 -77.3178991491 0.844885752439
34.4043888889 -74.8939126627 1.67886066753
36.6710555556 -73.1531093594 2.38312371941
42.7627222222 -74.1450387888 0.514500574946
39.6460555556 -75.7216153654 0.221451851924
34.2043888889 -78.8484922422 0.16203392214
34.5960555556 -77.4164351852 0.0415245018911
33.1460555556 -81.7848661161 0.800691672199
37.3793888889 -73.3830267768 2.45614811503
36.6543888889 -84.0774712212 -0.690269916832
34.2460555556 -81.1673736236 -0.684894891038
35.0127222222 -84.1365928428 0.185906573181
36.3710555556 -74.4669231732 2.51379293588
42.4793888889 -73.9085523023 0.788783672018
33.7710555556 -78.7499562062 0.288302327557
32.9627222222 -82.1330267768 -1.19053093999
42.7877222222 -84.1563000501 -1.16283060852
41.5210555556 -79.4462775275 0.757465230844
40.1460555556 -75.6099411912 -0.980812211485
43.2710555556 -76.8449261762 0.0725185816931
36.0210555556 -82.914745996 0.663133601165
39.5460555556 -79.5053991491 -1.76537534643
40.5960555556 -73.1268330831 1.02463159915
38.2043888889 -79.6630568068 -1.60613401264
42.0543888889 -77.6397835335 0.74680708991
35.5127222222 -76.4179366867 0.161886230296
35.8210555556 -75.8989802302 0.681921146089
41.8210555556 -81.4958270771 -0.334394265224
40.6960555556 -75.1763826326 -0.736844442135
42.5043888889 -75.2946258759 -0.148655608641
38.5877222222 -78.4806243744 -0.993770427328
37.2293888889 -77.2981919419 -0.27734567724
37.3377222222 -75.0712775275 0.127958727731
42.8627222222 -76.2274336837 -0.781450129125
42.9877222222 -76.6150087588 -0.275414095638
33.5793888889 -81.1345282783 -0.598099332759
33.8960555556 -76.8514952452 -0.141614852499
42.2793888889 -77.7054742242 0.901504834318
39.4877222222 -82.6585523023 1.2455560504
35.5877222222 -84.0052114615 -0.388827238022
39.1043888889 -75.8529967467 -0.186063760836
40.9793888889 -81.1213901401 -0.865473785249
34.0960555556 -83.3351664164 0.0133270336124
39.7293888889 -77.7186123624 -0.555373637547
33.4543888889 -74.9530342843 -0.438590199047
33.9793888889 -82.6059997497 0.938068831107
33.0793888889 -83.1183871371 1.62983469573
40.5793888889 -82.9213150651 -0.0590769387357
33.1127222222 -76.0369306807 -0.969846481071
40.1293888889 -74.2238676176 0.0348132166768
36.8793888889 -82.6519832332 0.603242395476
36.2877222222 -74.0990553053 2.53041283756
34.2877222222 -78.7499562062 -0.103506682829
33.3877222222 -83.3745808308 2.538535851
42.1377222222 -78.2704141642 0.868634489881
36.0543888889 -83.8606919419 1.90372458331
35.4543888889 -76.7201138639 0.506291679538
40.6460555556 -77.7383195696 -1.28339091068
41.4377222222 -80.9768706206 0.615799069051
42.7043888889 -80.3331018519 0.812983989778
43.1460555556 -73.9939502002 0.656981236499
36.7543888889 -80.727245996 -1.1497175931
33.2377222222 -81.7520207708 0.571630065646
36.8460555556 -76.3194006507 0.329542162185
40.9627222222 -73.2976288789 0.430856849071
36.3210555556 -76.4639201702 0.258220667303
36.4543888889 -79.2294982482 -0.749415571981
38.6627222222 -82.5534471972 -0.937926457403
37.7293888889 -82.7636574074 0.0716267629982
34.5793888889 -83.2694757257 -0.115332093241
41.6960555556 -82.0541979479 0.379641797648
34.0627222222 -74.1187625125 0.0291680210543
41.7210555556 -83.7030342843 -0.919318734023
35.6377222222 -79.9455267768 -0.0728883417188
40.5210555556 -83.5256694194 3.37373051222
39.7710555556 -75.5573886386 0.206765073971
35.7877222222 -78.349242993 -0.343831064264
39.0793888889 -73.5144081582 -0.17146993798
39.1877222222 -76.4573511011 -0.329227237213
39.3460555556 -83.4928240741 3.1198804553
41.2960555556 -76.1223285786 -0.649710049119
35.2043888889 -79.584227978 0.845601733921
37.9377222222 -75.7873060561 -0.0966451155182
34.1043888889 -76.1091904404 0.157534031597
35.1543888889 -74.8019456957 1.24081686029
40.7377222222 -82.9475913413 -0.0884293001296
35.8627222222 -76.0172234735 0.405945053351
40.0210555556 -81.206788038 -0.125546238376
38.6377222222 -79.6170733233 -1.55914795601
41.8543888889 -77.6726288789 0.848220173108
34.7127222222 -77.4295733233 -0.018658458257
43.1460555556 -76.2471408909 -0.856705863615
34.4043888889 -81.4169982482 -0.567546159706
35.8377222222 -77.6594907407 -0.211419493232
40.3043888889 -82.3957895395 -0.929906600634
33.6127222222 -73.2844907407 0.235625932176
34.0877222222 -77.7711649149 -0.238859354739
34.9710555556 -74.1778841341 1.86753312837
37.4627222222 -76.7004066567 0.46052905093
41.7210555556 -81.2593405906 -0.302622669501
36.7793888889 -76.1486048549 -0.0830252405534
36.3043888889 -76.3850913413 0.333618257
35.0877222222 -74.9464652152 1.24154802942
35.5210555556 -80.1097535035 -0.280254920421
40.6543888889 -75.117261011 -0.664015433289
42.3043888889 -78.4083646146 0.8750955095
41.2627222222 -76.5558871371 -1.08452751445
38.0543888889 -80.7732294795 -0.356260836092
37.9460555556 -73.7311874374 2.22224227463
33.4377222222 -80.1951514014 -0.956592992423
37.2127222222 -84.2548360861 0.401085307707
35.6043888889 -79.492261011 0.417191391524
40.1793888889 -81.3578766266 -1.08809258766
41.6460555556 -78.447779029 0.087912979194
39.8710555556 -83.5979291792 3.06639977529
43.0793888889 -80.7863676176 -0.113985844905
39.6793888889 -76.0040853353 -0.108445813281
40.5210555556 -83.4993931431 3.58110219983
38.7877222222 -73.3764577077 1.00605673688
38.8293888889 -77.7448886386 -0.811278161079
34.8127222222 -78.6054366867 0.193894273617
33.4127222222 -82.7702264765 2.64656770892
38.3043888889 -73.5866679179 1.02491474136
42.1543888889 -82.2381318819 -0.36564740306
38.2543888889 -82.7176739239 -1.08442133009
40.3543888889 -75.590233984 -0.844459427391
36.1960555556 -82.0476288789 -0.919284834434
37.9710555556 -75.6756318819 -0.0093849783873
41.6543888889 -79.301758008 0.77903924933
37.5043888889 -80.8454892392 -1.17214161594
36.9960555556 -75.6953390891 0.631200204451
34.2960555556 -82.4549111612 -0.0567370559708
35.7793888889 -79.3805868368 0.860449299211
39.3377222222 -80.254273023 -1.93925385167
35.9627222222 -74.1581769269 1.40904952149
41.3043888889 -81.3578766266 -0.447948036136
36.0877222222 -76.5821634134 0.618466359482
39.3543888889 -78.6711273774 -0.104016273164
37.0793888889 -84.4519081582 -0.258915398321
34.9293888889 -81.6534847347 0.00332113299115
36.4543888889 -76.5821634134 0.267715805443
36.4043888889 -80.2805492993 -0.0562098243961
39.5877222222 -81.5023961461 -1.46712969164
36.5293888889 -80.0112174675 -0.561577540283
34.9460555556 -77.1865177678 -0.150199591827
40.4793888889 -81.298755005 0.0645987856277
42.1960555556 -79.3411724224 0.816608443115
41.8877222222 -78.9338901401 0.815546742234
39.3460555556 -79.4068631131 -1.80829110329
36.7793888889 -74.6180117618 2.48431872862
39.3627222222 -79.4725538038 -1.85329056453
36.1293888889 -76.3194006507 0.406592860967
36.7460555556 -77.1011198699 -0.149305477659
40.6460555556 -81.1279592092 -0.550578228585
40.8710555556 -73.6129441942 0.444962058329
36.3460555556 -74.8544982482 2.73505562367
42.9627222222 -78.4871934434 -0.336800077301
38.7043888889 -80.536742993 -1.71245849235
35.9210555556 -78.730248999 0.372425419126
41.3877222222 -81.8045733233 -0.309416315441
33.4043888889 -73.4552865365 -0.429899328875
42.9793888889 -81.9228165666 -1.62324802464
36.9877222222 -82.1264577077 0.23643543611
43.0043888889 -78.1390327828 0.566715424829
37.9960555556 -78.8156468969 -1.15005893924
42.6460555556 -75.6099411912 -0.192922069962
40.8293888889 -73.9348285786 0.192228571476
40.7127222222 -78.0470658158 -0.678593928021
40.8877222222 -84.1891453954 3.53517403304
39.2293888889 -84.4059246747 1.68920525496
40.4377222222 -83.4139952452 2.49018888829
41.0960555556 -74.164745996 1.22309684186
41.3377222222 -77.3901589089 -1.04136885812
36.4960555556 -75.2420733233 0.00271676774498
37.0460555556 -84.2285598098 -0.112236632398
38.5627222222 -76.923755005 -0.457785205883
42.4127222222 -74.0136574074 0.415120905422
33.1043888889 -82.3169607107 -2.05403804759
33.7460555556 -75.2683495996 -0.603379412351
42.4460555556 -83.006712963 0.250805376372
37.0710555556 -75.2355042543 -0.328687008409
42.9210555556 -79.3411724224 0.50944715223
33.7460555556 -74.3749562062 -0.248765656956
32.9627222222 -83.9986423924 0.601390001961
41.2627222222 -79.9915102603 0.717125763829
42.5710555556 -77.1076889389 -1.08808139947
40.1127222222 -77.9813751251 -1.12329773956
36.5960555556 -76.7529592092 -0.0214770965764
34.7543888889 -80.2674111612 -1.17768209468
38.8710555556 -77.9550988488 -1.11703664252
34.0460555556 -82.625706957 -0.631064917212
36.7043888889 -76.2077264765 0.479760072302
42.4877222222 -77.6660598098 1.26001745139
34.9293888889 -83.1315252753 -0.720490153304
42.0460555556 -75.7019081582 -0.132413340664
37.1127222222 -83.006712963 2.23665288121
35.8793888889 -81.5549486987 -0.387490551411
41.1627222222 -76.3456769269 -0.303423558257
39.8377222222 -74.4340778278 -0.571346974438
37.1627222222 -77.6069381882 0.576865260794
33.6543888889 -84.2614051552 0.0681444399665
37.3627222222 -83.8935372873 2.21683814943
41.2543888889 -79.2886198699 0.452699577817
41.6377222222 -75.4128691191 -1.15511720394
35.4210555556 -78.066773023 -0.364907084147
33.9710555556 -75.5639577077 -0.323368603386
39.9377222222 -81.6206393894 -0.281113211959
42.2543888889 -77.2522084585 0.76156641725
42.4543888889 -80.635279029 0.783088482387
37.1793888889 -84.0511949449 1.91990869664
41.1377222222 -78.8616303804 -0.977188853623
42.8543888889 -80.5761574074 -0.762004305946
38.2543888889 -78.3689502002 -0.811774991153
33.6377222222 -83.3351664164 0.216415876147
35.5377222222 -81.0556994494 0.17060828434
33.8210555556 -80.7863676176 -0.586637600787
40.1710555556 -74.0267955455 -0.376592968543
40.5293888889 -75.1435372873 -0.456865485525
35.5127222222 -80.3002565065 -0.251752519684
42.2543888889 -81.7454517017 0.762605207837
35.3460555556 -77.869700951 -0.0974346404026
36.1710555556 -83.9460898398 0.795089001845
40.1627222222 -79.9520958458 -1.01272601292
37.8710555556 -84.1365928428 2.09762183935
36.8210555556 -76.0369306807 0.119607454725
42.1877222222 -83.959227978 0.0190295089307
38.3877222222 -83.5979291792 2.17075467653
39.9127222222 -74.4603541041 0.573849438697
41.0043888889 -73.3304742242 1.0533410854
36.8210555556 -79.2360673173 0.090638652543
40.8793888889 -78.1981544044 -0.929016304341
34.3960555556 -82.8556243744 -0.339534627942
35.7377222222 -81.0622685185 -0.521532959408
42.2960555556 -73.3961649149 0.814738274406
40.1127222222 -82.6651213714 -0.923854131222
38.1960555556 -83.4796859359 2.25008847627
36.1210555556 -76.3391078579 0.0711209997917
38.8127222222 -81.8177114615 -0.816925316108
42.1543888889 -75.2026589089 -0.648575054881
37.4293888889 -79.4856919419 -1.61900711788
41.7960555556 -80.8783345846 0.719174472942
35.0543888889 -76.6872685185 0.0224033400148
33.3543888889 -74.355248999 -0.113135347982
39.6293888889 -80.057200951 -1.69601457932
39.1543888889 -82.1264577077 0.602494484342
39.7210555556 -80.2411348849 -1.63447569471
34.7043888889 -77.8631318819 0.948145920191
39.8127222222 -73.8888450951 -0.722072379046
34.3877222222 -84.2614051552 0.139563962709
34.4210555556 -74.7099787287 1.07900206929
41.9377222222 -78.7105417918 0.698079826202
38.7543888889 -74.3026964464 -0.43476498683
36.4877222222 -77.2850538038 -0.198937201707
39.6127222222 -74.5654592092 -0.455826005528
34.9210555556 -83.6636198699 -0.984423707044
41.2460555556 -73.3698886386 0.27060835996
40.6210555556 -75.1763826326 -0.929754507533
37.8877222222 -79.5645207708 0.471309325556
39.2877222222 -78.5331769269 -0.93890411507
42.2877222222 -81.6731919419 0.223235177294
39.6877222222 -78.9010447948 -1.043647281
33.7793888889 -83.9789351852 -0.863100314404
35.9210555556 -77.5346784284 0.00477509687422
34.7043888889 -84.1694381882 -0.441042767049
34.1127222222 -76.4639201702 0.122104933487
39.4960555556 -75.682200951 0.0588006185931
34.6627222222 -75.9318255756 0.00723796762
34.8543888889 -80.8389201702 -1.1567169515
35.8210555556 -78.250706957 -0.254724241274
39.4627222222 -83.0921108609 2.63669858492
41.2377222222 -74.1778841341 0.321888993945
36.2877222222 -76.7858045546 0.318276401293
36.9377222222 -73.3436123624 2.69122850699
36.4043888889 -81.1805117618 -0.496910081951
37.8710555556 -75.4851288789 -0.398246850963
33.0293888889 -81.6928991491 0.375452286457
39.2293888889 -83.7490177678 3.55396471818
38.8377222222 -79.7944381882 -1.86512654343
37.3460555556 -76.444212963 -0.666449677678
40.6293888889 -80.5104667167 -0.834429918609
34.7543888889 -76.161742993 0.295398725501
38.9043888889 -75.4588526026 -0.348483709684
40.7460555556 -84.3008195696 0.169631924428
39.6293888889 -84.0906093594 0.610569823172
37.0210555556 -83.1643706206 1.52779026735
42.1293888889 -81.0754066567 -1.04466102515
42.5543888889 -78.1850162663 0.713306722175
40.8127222222 -81.9425237738 -0.912855775492
35.9877222222 -83.9329517017 1.85123888889
40.0877222222 -77.4821258759 -0.921776947265
33.6043888889 -73.8625688188 -0.511696945652
39.3960555556 -84.5373060561 0.297924094895
39.5210555556 -79.6893330831 -1.80876900866
39.8210555556 -73.9019832332 -0.747949207109
34.8460555556 -78.7368180681 0.0807596638258
39.7960555556 -74.5129066567 0.509745399532
36.0793888889 -73.1990928428 2.65277462382
36.8793888889 -73.1268330831 2.24105221467
37.0377222222 -80.2148586086 -0.198311418673
33.3043888889 -77.1733796296 0.306140543896
38.0877222222 -79.4265703203 -1.6253371258
42.4293888889 -74.8216529029 0.736610773537
38.8043888889 -84.3270958458 3.14908417337
36.8293888889 -83.4074261762 0.949568650415
35.3543888889 -80.8586273774 -0.303402244778
36.1877222222 -76.9960147648 -0.215732364465
33.2210555556 -77.869700951 0.184611533312
40.5210555556 -80.0769081582 0.069305507113
40.9460555556 -81.9096784284 -0.548938988238
41.0543888889 -83.6176363864 1.2698974891
36.9877222222 -74.3486799299 2.41909435036
37.2627222222 -80.2214276777 -2.10461309458
41.6127222222 -73.6195132633 -0.409742710112
35.4460555556 -83.6307745245 0.824223714636
33.6210555556 -75.0844156657 -0.567994081523
38.1960555556 -75.4719907407 -0.388604956463
37.8543888889 -79.2557745245 -0.142553644548
41.5043888889 -77.9945132633 -0.111782182489
39.3543888889 -73.6983420921 -0.407346375597
40.8960555556 -77.1733796296 -0.918028582062
40.7543888889 -77.7317505005 1.10336736024
38.3960555556 -84.0840402903 2.01526950362
34.2127222222 -81.3250312813 -0.201213513406
33.2960555556 -78.2704141642 0.704814368894
42.4710555556 -78.4543480981 0.506570123586
38.0377222222 -79.0718405906 -1.28007688058
37.2627222222 -82.343236987 -1.38169528111
37.8710555556 -77.3704517017 0.00935462515274
42.1460555556 -80.254273023 0.775788646214
36.8043888889 -84.6424111612 -0.891543016844
38.4210555556 -80.5695883383 -1.81868802953
40.7210555556 -81.5549486987 -0.809487340619
34.5210555556 -75.97123999 -1.01450048796
37.3627222222 -83.3285973473 0.484872331207
36.6710555556 -81.8899712212 1.01735815334
41.7377222222 -73.1990928428 0.824626681948
39.9793888889 -78.2244306807 -1.19484816391
42.6127222222 -79.0455643143 0.869323271658
35.8210555556 -83.4468405906 -0.520314714981
35.7710555556 -83.3680117618 1.45119871221
32.7793888889 -84.2745432933 -1.89946531854
41.5460555556 -81.1936498999 -0.435059854712
33.1627222222 -83.9132444945 -2.83801856882
36.3377222222 -79.4200012513 -1.25954742935
42.5377222222 -77.5346784284 0.89577093353
33.0127222222 -81.0425613113 -0.133369770595
40.7710555556 -73.6589276777 0.671233001398
42.5377222222 -80.6615553053 0.790169397946
42.9627222222 -77.7843030531 -0.15575967075
41.8877222222 -75.8070132633 -0.668573928376
42.6793888889 -74.8479291792 0.489622382838
34.6710555556 -73.5341153654 1.96383293606
38.7293888889 -84.4059246747 1.34084487391
35.9960555556 -81.6534847347 -0.596765040528
38.3460555556 -80.7535222723 -1.88917161501
37.9710555556 -84.4584772272 2.03331011478
42.3460555556 -77.3901589089 -0.0206040674229
41.8627222222 -73.5078390891 0.124807546982
38.0627222222 -79.6302114615 -1.56728544407
38.7710555556 -82.9672985485 1.02803615735
36.9793888889 -76.450782032 0.00529448546285
38.3127222222 -73.5800988488 1.05741810465
33.3210555556 -79.9192505005 -0.428084805347
41.8460555556 -73.9019832332 0.732274898436
37.6293888889 -73.7968781281 1.28781381258
37.4043888889 -79.393724975 -1.59796733283
33.3210555556 -80.0834772272 -1.02739136318
37.3627222222 -83.9132444945 2.30138242212
35.6543888889 -76.4310748248 0.324530908698
42.2043888889 -75.2223661161 -0.759382935989
42.4460555556 -83.2300613113 0.711660896239
39.5210555556 -84.0249186687 2.86445446354
37.2293888889 -73.5472535035 2.35004062596
39.6377222222 -79.6170733233 -1.8482985737
36.4210555556 -74.5129066567 1.94414432852
36.3043888889 -74.3749562062 2.24445821291
37.1127222222 -81.0359922422 -2.02670333651
43.0127222222 -79.9783721221 0.854975747826
37.3293888889 -74.0267955455 2.422358045
39.5960555556 -77.3573135636 -0.930744530259
32.6460555556 -76.3062625125 0.421209625724
33.0793888889 -81.3184622122 -0.698406038509
40.2293888889 -81.9162474975 -0.105235996225
34.3793888889 -80.2345658158 -1.43784315921
42.3960555556 -74.9990177678 -0.327733511174
38.8960555556 -78.1127565065 -0.967771698622
34.0793888889 -75.9318255756 -0.235187468076
34.0877222222 -81.4104291792 -0.477447909128
35.6043888889 -80.5038976476 -0.134122126771
33.9710555556 -83.5585147648 -0.553505161598
36.1710555556 -75.9383946446 0.18468914394
38.8793888889 -84.149730981 2.90777236361
42.1043888889 -83.1380943443 0.248371593073
40.7793888889 -75.1632444945 -0.772387933729
39.9460555556 -74.8807745245 0.218482439794
36.0627222222 -79.5053991491 0.172361802963
35.2043888889 -80.8520583083 -0.905799480475
35.6710555556 -80.9703015516 -0.012037603242
39.4210555556 -82.7176739239 0.563318716229
33.5127222222 -82.5271709209 2.70366280873
39.1293888889 -83.6636198699 3.17150774363
40.8793888889 -74.0267955455 1.330003764
33.5877222222 -74.6705643143 -0.50809458254
37.7710555556 -83.2891829329 0.633617408832
42.1293888889 -81.3118931431 -0.849390253322
36.6627222222 -77.2390703203 -0.0978413995179
34.8127222222 -75.8332895395 0.333761037805
42.3627222222 -73.5998060561 0.785250325739
37.4043888889 -81.1673736236 -1.68063450745
39.5710555556 -83.959227978 3.32687747892
39.4960555556 -84.1694381882 2.07105913271
38.4377222222 -73.2450763263 1.88450633767
41.1960555556 -79.9520958458 0.757978562864
37.9377222222 -77.9222535035 -0.117161986181
38.9793888889 -82.7702264765 2.41126676839
37.2293888889 -81.2724787287 -0.152862391129
34.3210555556 -76.9960147648 -0.0291525038177
39.0043888889 -75.0778465966 -0.624657164297
34.5043888889 -73.5341153654 1.43829730687
41.5710555556 -76.7858045546 -1.08156159199
40.9627222222 -80.8980417918 0.813329534458
41.1210555556 -84.2548360861 0.177029146444
35.6793888889 -75.8661348849 0.226411823089
39.0960555556 -79.209791041 -1.71632876799
35.0043888889 -74.5588901401 0.046121067032
36.4460555556 -77.8565628128 0.130393246849
42.9960555556 -83.9723661161 -1.22838990053
38.6043888889 -78.7105417918 -1.0827984873
39.6210555556 -84.4781844344 0.43784027257
42.8877222222 -73.9282595095 0.593418217486
35.2960555556 -78.9535973473 -0.0454858701799
41.3627222222 -75.1960898398 -0.748563325593
38.5543888889 -79.4725538038 -1.73587118199
34.1293888889 -81.1345282783 -0.230337460277
34.5210555556 -82.5074637137 0.858582624145
37.9710555556 -78.5922985485 -0.931877421822
33.0293888889 -82.0082144645 -0.0561610949848
33.5543888889 -79.8601288789 -1.02150379986
33.1293888889 -78.638282032 -0.305506741708
38.1877222222 -73.6063751251 1.21030626499
37.0960555556 -76.6544231732 -0.184139307093
42.1877222222 -80.4907595095 0.769934131377
41.8127222222 -76.5361799299 -1.07534427928
36.4293888889 -73.3764577077 2.40591590755
41.1293888889 -78.5528841341 -1.06490821359
32.9210555556 -82.2315628128 -0.964621230119
36.3127222222 -82.0410598098 -0.920053568539
41.8710555556 -74.5260447948 0.620288497607
34.0127222222 -81.9228165666 -0.730880292728
36.0210555556 -79.2229291792 -0.0157486404271
41.5127222222 -76.9631694194 -1.32864416089
33.8460555556 -77.6989051552 -0.341106972694
42.8877222222 -81.4038601101 -1.60087791322
33.0210555556 -77.0814126627 -0.193878160509
38.6960555556 -79.5185372873 -1.53571158735
41.4210555556 -80.4907595095 0.705205993882
42.3710555556 -80.9768706206 -0.0529641524325
40.3127222222 -77.7645958458 -0.919929349855
34.9543888889 -74.1778841341 1.46669134829
36.3877222222 -77.5281093594 0.497018592918
40.9793888889 -79.2163601101 -0.928099848215
38.0543888889 -79.4528465966 -1.68995433369
41.0710555556 -78.4543480981 -1.04066699953
33.7293888889 -81.4169982482 -0.29765622657
41.1377222222 -75.0909847347 -1.03838404909
40.9210555556 -78.5069006507 -1.06821704529
35.2043888889 -75.8989802302 -0.0887714208728
43.1127222222 -76.6215778278 -0.518281740223
37.2710555556 -74.3224036537 0.482930871587
34.8127222222 -82.8490553053 -0.568738115693
38.3460555556 -80.7995057558 0.423401673014
35.8210555556 -81.9425237738 -0.56198617322
33.4127222222 -80.7535222723 -0.591445206335
40.2960555556 -79.1966529029 -0.9180376332
36.6210555556 -77.7974411912 0.270536392986
36.2793888889 -75.3406093594 1.02404196052
36.3210555556 -83.5191003504 -0.365276340014
37.2293888889 -77.6923360861 0.0567227590404
36.9043888889 -79.492261011 0.182697421218
38.5043888889 -76.8186498999 -0.422012622644
36.7627222222 -81.6403465966 -0.641050658124
39.0043888889 -83.4796859359 1.16513121152
39.2293888889 -81.3841529029 -1.79283541063
41.5043888889 -76.1288976476 -1.1163807975
34.6043888889 -78.0733420921 -0.313678164252
38.2460555556 -80.0177865365 -1.7370731022
41.1293888889 -83.6176363864 1.51781648626
41.0377222222 -74.0399336837 0.439625611653
33.5960555556 -78.4674862362 -0.0699916131255
32.9043888889 -82.0016453954 -1.12822060116
37.9543888889 -79.4988300801 -0.708825030891
39.4877222222 -74.6180117618 -0.47259624023
37.1460555556 -81.3316003504 0.114863428962
34.3960555556 -76.6741303804 0.741775965948
33.9710555556 -79.7221784284 -1.51589429092
39.4210555556 -80.9440252753 0.517725985346
34.5460555556 -82.8753315816 -0.416159738822
42.1627222222 -79.6105042543 0.80910326122
35.0043888889 -75.3143330831 0.156132246642
40.3960555556 -79.4791228729 -1.20167367149
34.1127222222 -78.6120057558 0.14654956847
42.2877222222 -79.8404216717 0.808410497856
39.1293888889 -78.2047234735 -0.250740947327
37.5460555556 -76.8514952452 -0.363838578693
36.5960555556 -77.4886949449 -0.163223621026
36.3460555556 -76.6018706206 0.182450082304
34.9043888889 -81.3578766266 -0.550731092418
33.7960555556 -74.1910222723 -0.572674930235
33.2793888889 -83.8015703203 -2.87158559554
37.9210555556 -76.4179366867 -0.723312976258
42.4460555556 -82.7965027528 -0.409826742933
41.4710555556 -78.5594532032 -0.382237638639
38.5043888889 -73.5144081582 0.823154513196
36.9210555556 -73.1925237738 2.47744008891
33.3043888889 -75.872703954 -0.523213731606
33.4543888889 -77.1930868368 0.600025949071
37.3793888889 -82.0673360861 -1.06806640325
35.8627222222 -79.5776589089 -0.252259032351
34.7210555556 -83.4337024525 -0.87415420942
38.1543888889 -80.0506318819 -1.66228669288
38.8960555556 -76.9368931431 -0.659922059517
39.0877222222 -76.5755943443 -0.575877365238
40.9460555556 -80.247703954 -0.794917736239
41.7710555556 -75.399730981 -0.740695146847
42.2710555556 -79.6959021522 0.812546579168
40.5960555556 -76.5690252753 -0.92964366144
37.7543888889 -74.3815252753 -0.26634923196
33.2793888889 -81.9556619119 -1.1552469176
37.9543888889 -79.2294982482 -1.48259362618
39.5877222222 -81.9556619119 -0.616790639923
36.0460555556 -84.2679742242 1.55857096053
36.9543888889 -81.1410973473 -0.303566239245
38.6293888889 -83.8606919419 1.56055937586
34.7960555556 -73.9216904404 1.03020018638
38.5960555556 -80.6681243744 -1.8637408994
41.2460555556 -76.6215778278 -1.06048228311
38.8127222222 -75.3471784284 -0.243743984648
39.0960555556 -74.545752002 1.29767692617
37.0127222222 -76.5033345846 -0.021736856304
42.3127222222 -76.9500312813 -0.212824655823
40.0793888889 -75.2486423924 -0.731694615871
34.3627222222 -76.9368931431 0.235419907493
36.1793888889 -79.5251063564 -0.906517909747
36.0460555556 -75.1763826326 -0.205802742351
39.4543888889 -76.9303240741 0.0734893090502
42.7543888889 -76.6609922422 -0.702375325077
39.2127222222 -80.5498811311 -1.63516384961
33.7627222222 -84.3139577077 2.96460678751
41.7377222222 -83.2366303804 -0.0787880099084
38.4460555556 -74.0005192693 -0.396203786145
42.4127222222 -84.1957144645 0.657324180937
37.9710555556 -78.257276026 0.240619302157
41.9460555556 -74.4078015516 0.667059588787
41.9710555556 -79.4856919419 0.797660826853
33.3543888889 -83.3417354855 3.0042801669
39.0460555556 -78.8419231732 -1.07105472307
40.4210555556 -81.1673736236 -0.865963868248
42.5877222222 -84.3270958458 -0.704019950538
40.4377222222 -78.3820883383 -0.812725290219
40.3627222222 -80.9768706206 -0.316781917417
35.2543888889 -79.965233984 -1.40937344798
36.9043888889 -80.7403841341 -0.54964523539
33.0793888889 -79.6170733233 -0.385319044012
34.4627222222 -80.6615553053 -0.854399968889
42.6710555556 -83.3614426927 0.651876692231
38.5627222222 -77.2719156657 -0.378083509084
33.9377222222 -83.9263826326 -1.22834910072
36.0627222222 -78.4017955455 0.093285449406
39.2043888889 -74.8742054555 -0.172492822943
36.9543888889 -75.8004441942 0.2962581967
38.9043888889 -79.8010072573 -1.10425181898
40.7710555556 -79.5645207708 0.359288355553
42.3377222222 -82.8030718218 -0.204330704509
32.9377222222 -79.6696258759 0.00847935627065
38.8460555556 -75.6624937437 -0.420150609843
41.9043888889 -83.0526964464 0.561111155451
35.5877222222 -74.0596408909 1.57516610665
34.6627222222 -73.8888450951 1.4298272225
32.9543888889 -80.3199637137 -0.676591967737
33.8543888889 -79.9586649149 -1.55376162072
40.3043888889 -81.1476664164 -0.719014580295
40.4793888889 -81.4432745245 -0.179435084381
42.5127222222 -82.3563751251 -0.423541297867
34.3043888889 -75.4522835335 -0.0448863924514
33.9543888889 -74.2764201702 -0.560367549442
39.7377222222 -81.390721972 -1.56456529471
41.6543888889 -73.4093030531 -0.2961872065
32.9293888889 -75.7544607107 -1.05462191855
42.6127222222 -82.0213526026 -0.255506133993
38.4543888889 -75.8267204705 -0.476899107482
36.1377222222 -78.2638450951 0.204718886617
37.2377222222 -80.6746934434 -2.1661379524
40.9043888889 -79.7550237738 0.767484957588
33.8543888889 -75.4260072573 -0.729764728323
35.9793888889 -83.2169231732 1.90792576886
42.6460555556 -80.0374937437 0.829578582001
38.2543888889 -75.498267017 -0.297678043066
34.6210555556 -75.1106919419 0.91396948448
34.7127222222 -73.5866679179 1.55487418105
33.9377222222 -83.3483045546 -0.786928913024
39.7127222222 -80.3922234735 -1.56659871212
35.9960555556 -82.3366679179 -0.0833194266874
42.8210555556 -78.5857294795 0.968683482626
39.8293888889 -84.1957144645 1.01100752518
42.6377222222 -82.2118556056 -0.251409230179
33.1627222222 -79.2623435936 -0.176091013601
42.0543888889 -75.2880568068 -0.881029004072
35.4877222222 -84.0117805305 -0.296673227392
42.1043888889 -81.2527715215 -0.52702317334
33.9127222222 -77.4821258759 -0.291393459589
37.6543888889 -74.164745996 1.13179944347
36.1293888889 -77.1339652152 -0.0597822516672
33.5627222222 -73.494700951 0.0184208414681
37.3210555556 -83.1906468969 2.55686928266
35.9877222222 -80.9900087588 -0.418469187215
39.8210555556 -78.1061874374 -0.947140327877
36.2127222222 -73.3961649149 1.96747908872
42.9460555556 -78.8353541041 0.901779771426
42.3543888889 -75.5705267768 -0.80087645661
41.2043888889 -83.959227978 1.51577117721
39.5293888889 -82.8556243744 -0.655558566968
41.0960555556 -74.8610673173 -0.607433570517
42.0210555556 -73.5866679179 0.63780719968
42.2293888889 -77.6529216717 0.879301497103
36.7293888889 -75.5639577077 0.470057403513
36.5210555556 -76.161742993 0.56982517216
39.9127222222 -83.6373435936 1.16126037734
42.4043888889 -84.2088526026 -0.0522642788682
36.8960555556 -83.1512324825 2.45807720221
41.5127222222 -80.0243556056 0.726028892596
42.3293888889 -82.4549111612 0.220954512934
42.2210555556 -77.212794044 0.438314339107
41.7710555556 -81.4761198699 0.230312911687
40.2377222222 -83.1906468969 2.54448624022
33.6210555556 -82.8884697197 2.18286251783
34.3210555556 -75.6690628128 -0.17912883707
36.4127222222 -78.8419231732 0.190305429537
41.6543888889 -81.1279592092 0.667022268165
41.2293888889 -81.6731919419 -0.0997289176255
36.2960555556 -78.0930492993 -0.0402838623166
33.7627222222 -76.5690252753 -0.120090886501
40.2627222222 -84.3468030531 1.1429157731
41.4127222222 -74.6837024525 -0.600103759209
33.3127222222 -78.3952264765 -0.500550403951
39.5293888889 -78.1127565065 -0.943855216217
36.6877222222 -74.4997685185 2.7904814316
39.8460555556 -77.212794044 -0.804038138802
37.3543888889 -74.4931994494 0.0778118979727
34.4710555556 -79.7615928428 -1.58345446121
42.4877222222 -82.7965027528 -0.539347929481
36.1627222222 -77.3901589089 0.138946868942
37.8127222222 -82.0739051552 -0.979151201399
42.0210555556 -76.0237925425 -0.99165648275
39.3960555556 -83.8147084585 3.16400034961
42.8793888889 -78.730248999 0.420265070196
40.2793888889 -75.8332895395 -0.287337768115
34.2793888889 -77.8171483984 -0.0962392802035
41.3127222222 -84.1103165666 -0.502269151551
39.1377222222 -76.9566003504 -0.961469997403
35.2127222222 -81.8242805305 -0.208729156066
37.1627222222 -78.730248999 -0.366414920675
35.7127222222 -74.2698511011 1.02537522694
39.9543888889 -79.6367805305 -1.57212773254
32.9460555556 -83.584791041 -1.51853561546
40.8877222222 -77.8368556056 -0.919924722017
41.9793888889 -74.7165477978 0.314625937563
41.5793888889 -76.9106168669 -1.11447251333
37.0543888889 -75.1106919419 -0.128633567304
33.7627222222 -83.9526589089 -0.74190958341
42.6793888889 -75.5311123624 -0.154162104937
41.4127222222 -79.9718030531 0.713339740116
39.6127222222 -79.9323886386 -1.80200542979
33.2710555556 -74.06620996 -0.805209956548
39.9127222222 -82.0213526026 -0.694979220436
36.4793888889 -77.2193631131 0.0960368044034
37.3627222222 -78.7630943443 -1.22879442829
35.1127222222 -80.2082895395 -1.55832223942
40.8627222222 -82.3957895395 -0.114673293925
37.5543888889 -77.396727978 0.79408450596
35.1627222222 -74.9201889389 0.779354854223
42.8043888889 -81.7848661161 -1.16535211882
38.8877222222 -75.6099411912 -0.0873569075287
38.8460555556 -74.6837024525 -0.419918366136
40.8043888889 -74.3421108609 0.875048450859
36.7377222222 -84.0643330831 -0.411763896272
40.1043888889 -77.5346784284 -0.912333115019
33.8127222222 -75.9121183684 -0.342017053845
37.2877222222 -79.1309622122 -0.530584705128
39.9043888889 -77.2390703203 -0.938066704244
41.8960555556 -74.4406468969 0.531470469607
36.3627222222 -77.495264014 -0.0784068033515
42.6127222222 -84.3533721221 -0.494458614863
38.0460555556 -83.4271333834 0.309382274851
39.5293888889 -78.0470658158 -0.82573375738
41.8793888889 -83.2760447948 -0.517683748977
36.3460555556 -78.2309997497 -0.182425862124
32.9877222222 -74.4997685185 -0.495505976349
37.0043888889 -77.0879817317 -0.242652237534
35.8877222222 -78.4740553053 -0.219857669323
42.8460555556 -74.5063375876 0.718898606889
41.7793888889 -76.3259697197 -0.765580966874
39.5210555556 -75.6296483984 0.0636443250063
34.7793888889 -83.295752002 -0.228174065909
39.7293888889 -73.8625688188 -0.127121997581
43.1043888889 -83.0526964464 -1.34878537022
42.7710555556 -80.8914727227 0.718341021465
41.0127222222 -82.7636574074 0.566958439437
33.8377222222 -73.7508946446 -0.441224016689
38.1543888889 -75.2814877377 -0.327056256841
34.4043888889 -80.7075387888 -0.846131328215
36.5960555556 -73.1793856356 2.35393613233
40.1377222222 -83.0526964464 0.90465537764
39.0793888889 -76.3128315816 -0.323995197319
41.2043888889 -77.6200763263 0.298069924882
41.9793888889 -75.3537474975 -0.891158084222
37.0043888889 -80.2871183684 -0.119388199067
33.7293888889 -83.6176363864 -0.138027894757
42.7293888889 -74.545752002 0.592241819065
41.6377222222 -81.298755005 0.764543861786
34.0710555556 -79.8141453954 -1.40044017852
39.9627222222 -81.8308495996 -1.71386363154
37.6127222222 -81.1739426927 -0.906049306962
41.7460555556 -78.2835523023 -0.119399732473
36.0960555556 -74.9333270771 2.50625777791
38.0043888889 -84.0709021522 2.31120467532
34.4877222222 -75.1632444945 0.914720004003
41.7960555556 -76.825218969 -1.08173936055
42.1460555556 -83.0264201702 0.0844953241014
34.5960555556 -79.0455643143 0.117727856303
32.4877222222 -80.4776213714 -0.56110065784
39.9627222222 -82.7373811311 -0.781427251424
39.0627222222 -75.9778090591 0.212081726286
38.4960555556 -73.3173360861 2.08807255386
39.8543888889 -75.682200951 0.0451537901198
43.1460555556 -77.1996559059 -0.135137149663
40.6293888889 -73.2582144645 0.786719657321
35.6543888889 -79.4265703203 0.446134813571
39.0543888889 -77.206224975 -0.217361937808
42.1543888889 -78.539745996 0.75470637926
39.3210555556 -78.3558120621 -0.72897503154
34.8043888889 -84.2548360861 -0.447416596019
41.0877222222 -76.0303616116 -0.931107314162
43.1543888889 -81.4695508008 -1.51620463432
40.3377222222 -84.2219907407 -0.459842471325
40.6460555556 -81.3775838338 -0.449605312349
33.4043888889 -74.8544982482 -0.746383067574
35.6710555556 -82.2906844344 -0.0717722743737
33.5377222222 -83.2366303804 0.675849095511
37.5127222222 -79.1835147648 -1.16204453181
42.6960555556 -82.9738676176 -0.646891095336
36.7377222222 -83.8015703203 1.71294755671
35.5877222222 -83.6176363864 0.264847313607
39.4710555556 -76.2142955455 -0.258199226326
39.8960555556 -73.3239051552 0.293476256027
37.5877222222 -74.3158345846 -0.00561470475081
35.6793888889 -79.9323886386 -0.144097614666
41.9960555556 -79.5185372873 0.798292510827
37.9377222222 -77.6266453954 0.126985384447
36.9043888889 -76.6544231732 0.0441232474905
37.3960555556 -74.8939126627 -0.0315054978578
39.2127222222 -75.1763826326 0.351377557085
36.3877222222 -82.441773023 -0.854662534505
37.7377222222 -83.3154592092 0.0369204632449
36.6210555556 -77.9091153654 0.458192276467
36.7627222222 -80.1097535035 -0.693291336541
37.3377222222 -80.06377002 -1.96977904551
36.9460555556 -77.2653465966 -0.0617522993101
37.1627222222 -75.8924111612 0.0066671832813
38.1043888889 -74.2107294795 -0.564251720813
39.2210555556 -77.1208270771 -0.127209289439
36.7543888889 -77.0748435936 -0.212774494812
38.7127222222 -80.3659471972 -1.83234158066
43.0793888889 -80.3593781281 0.821235568999
40.3377222222 -83.0264201702 0.619364459316
41.2210555556 -77.3244682182 0.0668873840286
38.7460555556 -74.263282032 -0.225418768328
33.8377222222 -80.9834396897 -0.879100643488
33.1460555556 -74.3289727227 -0.0147325542989
41.4127222222 -77.6266453954 -1.02265666262
37.2543888889 -81.2264952452 -0.430868350671
40.0127222222 -81.2593405906 -1.09433643691
37.7877222222 -78.060203954 0.0329128992724
39.7210555556 -78.3098285786 -0.877054276224
35.3460555556 -76.4376438939 -0.0432934093936
34.2377222222 -83.0592655155 -0.334972094068
42.7710555556 -77.9813751251 0.890391443624
33.3793888889 -78.15873999 0.257418713454
35.6627222222 -78.8944757257 0.0189111779414
42.6960555556 -83.584791041 0.198224111107
33.3127222222 -83.105248999 1.94771772541
34.3293888889 -80.9637324825 -0.535634516992
35.1877222222 -83.0658345846 0.110922348106
34.3877222222 -75.6296483984 0.760979466616
42.8460555556 -84.2351288789 -0.869443822825
35.4543888889 -78.638282032 0.0820136161712
39.8043888889 -77.1076889389 0.112904887696
41.9710555556 -75.7741679179 -0.657936942938
40.2960555556 -76.2471408909 -0.584780358999
33.8293888889 -75.025294044 -1.08064843982
40.7210555556 -80.3987925425 -0.552082476129
39.3627222222 -82.3760823323 0.691803733003
36.2210555556 -80.825782032 -0.332594662672
36.0793888889 -76.8712024525 0.476800251599
33.0293888889 -79.8601288789 -0.768990705275
41.5377222222 -80.2214276777 0.723565797265
39.1543888889 -80.8323511011 -1.44716019307
37.6460555556 -82.5665853353 -1.45901586102
41.4043888889 -82.2644081582 -0.185577140557
33.7710555556 -78.5528841341 0.348201056653
33.6543888889 -82.632276026 2.2106106827
34.0460555556 -79.8929742242 -0.981778268828
41.8293888889 -74.164745996 0.7477642242
41.4543888889 -82.7176739239 0.631147229601
40.6210555556 -75.0055868368 -0.81257490155
34.3877222222 -80.5038976476 -0.951293646073
38.8960555556 -75.0909847347 -0.446901281045
36.4127222222 -75.1501063564 -0.173196167952
35.0543888889 -81.7454517017 -0.618355235822
38.0127222222 -75.4194381882 -0.0793689623872
33.7043888889 -83.7227414915 0.678089593594
41.1377222222 -82.3695132633 0.134193035248
38.5543888889 -77.2325012513 -0.275478122139
35.4043888889 -81.2133571071 -0.0897094827765
39.2377222222 -73.9808120621 -0.564602595839
38.4293888889 -82.7767955455 -1.12902952704
40.7960555556 -83.3220282783 3.24436642709
36.0210555556 -76.7069757257 0.224733482603
36.2460555556 -73.2779216717 1.79037421789
37.5793888889 -77.1273961461 0.428793255121
38.8293888889 -75.4063000501 -0.111239271508
39.4043888889 -74.2370057558 -0.388593634282
37.5460555556 -76.2865553053 -1.05606075076
37.6460555556 -73.6063751251 1.75605269844
39.2543888889 -82.4811874374 -0.100441159069
41.5877222222 -73.3304742242 -0.375356164189
37.1043888889 -77.9748060561 0.492747247089
42.9210555556 -81.4826889389 -1.63639624346
33.5710555556 -75.5968030531 -0.272864178748
41.4210555556 -83.0526964464 1.83669742114
36.0793888889 -76.2799862362 0.426978558248
33.0960555556 -83.8935372873 -1.07102310805
34.4543888889 -80.1163225726 -1.44294991968
34.1043888889 -74.3092655155 1.17383700135
38.2293888889 -79.3280342843 -1.84958115927
41.7793888889 -83.9198135636 -0.0607812677396
42.5793888889 -77.8105793293 1.00784038411
36.1793888889 -76.8974787287 0.182147874957
34.7127222222 -83.2300613113 -0.437289810152
40.1293888889 -75.4654216717 -0.898678728846
39.9210555556 -82.2775462963 -1.31854003229
38.7543888889 -74.0465027528 0.0774225108785
38.5543888889 -83.006712963 0.504479046031
38.0293888889 -78.822215966 -0.706216329491
40.8293888889 -78.3229667167 -1.02154534046
38.9710555556 -77.0879817317 -0.818388657128
36.1793888889 -75.5245432933 -0.0571113506666
38.4543888889 -74.7691003504 -0.074211874643
39.3627222222 -82.1395958458 -0.0930255266745
41.7793888889 -76.8383571071 -1.04905628975
34.2793888889 -82.6979667167 -0.255834105035
42.8210555556 -78.8879066567 0.762537477404
34.4793888889 -84.622703954 -0.66466036227
35.7210555556 -76.5296108609 0.505117174388
36.8710555556 -82.1921483984 1.23125861774
39.0627222222 -82.7176739239 1.09694026012
33.2543888889 -83.1380943443 2.5154540972
35.2377222222 -79.9915102603 -1.65121990817
33.9210555556 -81.6928991491 -0.718873231189
38.8043888889 -80.7666604104 -1.38573716201
42.2043888889 -83.7358796296 -0.581391006905
35.9043888889 -75.5573886386 -0.277091280927
42.8043888889 -79.5776589089 0.918436002098
39.0460555556 -78.7368180681 -1.20093918332
34.6210555556 -79.1769456957 -0.365133417075
34.2460555556 -75.872703954 -0.2215228186
40.6293888889 -79.0521333834 -0.99572777987
34.7293888889 -73.5472535035 1.94362250594
42.9210555556 -78.1193255756 -1.51370498493
42.3877222222 -83.8935372873 0.0500334685502
42.4377222222 -80.9374562062 -0.71258377386
42.3627222222 -74.3946634134 0.501418624481
42.2793888889 -82.1133195696 0.200168182008
36.7960555556 -80.6024336837 -0.630506550392
41.8793888889 -76.825218969 -0.574098327594
32.9043888889 -76.1551739239 -0.398639141342
34.0793888889 -79.7878691191 -1.73857960282
33.2293888889 -79.5053991491 -0.2360045281
34.6543888889 -77.2916228729 0.189012671302
41.6877222222 -74.3355417918 0.756972154964
37.0793888889 -75.4916979479 0.162991472972
35.2793888889 -76.2734171672 -0.101870564655
33.8127222222 -73.310767017 -0.401359602482
37.3877222222 -83.9395207708 2.39373068573
33.6127222222 -84.4650462963 2.78926773979
32.6127222222 -80.3133946446 -0.693621020981
35.6710555556 -82.7176739239 -0.882119553242
39.2627222222 -84.1694381882 3.06190287156
41.6460555556 -77.6266453954 0.717143739558
40.8127222222 -83.4271333834 3.520194474
37.3793888889 -80.6681243744 -0.893253103457
34.6127222222 -73.6589276777 0.519512201898
38.9460555556 -82.5074637137 0.688363682951
34.9710555556 -78.0536348849 0.294325066625
37.0627222222 -73.4684246747 2.35663593799
35.8960555556 -79.8207144645 0.0261981217678
39.9127222222 -77.5412474975 -0.82414502265
41.7877222222 -75.3471784284 -1.00070592445
33.8877222222 -73.8691378879 0.000405454923187
43.0210555556 -73.2844907407 1.18090179222
42.3627222222 -78.3689502002 0.857236094881
37.5627222222 -83.8015703203 0.854862490153
40.3377222222 -83.6636198699 3.03277957626
40.3627222222 -84.0314877377 2.0435547738
42.8793888889 -77.3376063564 -0.787845616245
34.3877222222 -73.1859547047 0.548495436299
34.9127222222 -76.5821634134 0.00822670765728
43.0960555556 -74.2698511011 0.789701912815
37.9543888889 -74.8019456957 1.09862220534
38.5543888889 -77.8828390891 -0.583362519051
42.2793888889 -75.6624937437 -1.17244326595
36.2127222222 -82.1790102603 -0.862260562321
38.6043888889 -78.3229667167 -1.01326726487
39.7043888889 -82.0936123624 -0.801633577444
33.1460555556 -78.1127565065 0.163479412153
35.6627222222 -84.2745432933 -0.403628181012
33.4627222222 -80.3068255756 -0.740707762474
35.4043888889 -79.4134321822 0.389464922467
35.3293888889 -81.4169982482 0.0167616393511
41.2293888889 -78.3032595095 -0.902203953001
39.3210555556 -84.1628691191 2.82488936534
33.8210555556 -82.9870057558 1.08810580909
39.1210555556 -83.5191003504 3.05273787887
35.7127222222 -81.9885072573 -0.536685239665
38.7210555556 -78.5331769269 0.902579675381
39.1377222222 -82.2118556056 0.484303249885
41.5543888889 -77.6594907407 0.34130631043
35.8460555556 -81.0556994494 -0.39787543596
34.9710555556 -74.4340778278 1.65786559214
39.8627222222 -77.8499937437 -0.810625434335
39.1627222222 -73.6326514014 -0.536391768468
42.3543888889 -74.8742054555 0.775433901708
36.0293888889 -74.4340778278 1.77266365931
41.0460555556 -78.5988676176 -1.06151749186
35.9043888889 -75.0712775275 -0.475083908784
32.9710555556 -77.1339652152 -0.168065793502
40.5293888889 -75.1829517017 -0.680208605499
36.7877222222 -84.5175988488 -0.052655316819
37.0710555556 -80.3922234735 1.12960293819
35.2877222222 -82.3695132633 -0.647564831967
39.6543888889 -74.9661724224 -0.0361752517356
42.2543888889 -79.6236423924 0.814867818634
37.3210555556 -80.9834396897 -1.45332470241
39.2293888889 -77.9879441942 -0.740589598991
33.9793888889 -76.5690252753 0.0409424625049
38.9710555556 -73.8034471972 -0.571501323021
34.9210555556 -82.4614802302 -0.704794720667
39.0377222222 -74.1187625125 -0.52636569586
37.8127222222 -76.8712024525 0.260227661953
41.2210555556 -79.6302114615 0.729026907571
38.8377222222 -79.1441003504 -1.12625498734
41.6127222222 -74.4603541041 0.985143339565
36.1710555556 -79.6696258759 -1.18797400011
41.1960555556 -84.1825763263 0.4393717483
42.3210555556 -74.1187625125 0.7359544171
38.2293888889 -81.1739426927 -0.868123122857
38.4627222222 -81.6403465966 -0.581384340629
38.4627222222 -77.5215402903 -1.1458658194
41.4627222222 -82.1395958458 0.391964677345
37.2043888889 -82.8424862362 2.69674284973
34.9377222222 -75.8661348849 1.06601986366
34.3293888889 -80.057200951 -1.35478879816
36.5293888889 -83.013282032 1.40958968114
35.5210555556 -81.4564126627 -0.148222852916
35.6127222222 -82.152733984 -0.417702796903
41.8377222222 -77.2719156657 -0.579118873126
35.5710555556 -74.3486799299 2.16655264897
42.4460555556 -74.6114426927 0.3151528304
41.0960555556 -80.6878315816 -0.529709862113
32.9627222222 -74.4012324825 0.194506291632
39.8127222222 -73.6654967467 -0.170190501514
36.4627222222 -83.0329892392 1.72542399375
41.6793888889 -82.1067505005 -0.509104552881
38.1377222222 -77.3901589089 0.201824128431
36.5877222222 -76.2471408909 0.261398114542
41.7877222222 -74.6245808308 0.535705201861
36.3710555556 -76.2996934434 0.384520983101
33.6377222222 -80.5695883383 -1.17471054337
39.4543888889 -76.3062625125 -0.488936431744
37.1627222222 -77.6594907407 -0.114694592508
34.1127222222 -80.4250688188 -1.09479600539
42.7210555556 -83.6044982482 -0.746432386647
42.4960555556 -83.8869682182 0.431586909139
36.2543888889 -78.0273586086 -0.076343841347
42.3543888889 -83.1643706206 0.835442477263
34.9460555556 -80.9374562062 -1.03119368688
39.1543888889 -76.4836273774 -0.49153592317
34.9627222222 -74.7822384885 0.923871122228
37.8793888889 -73.3370432933 2.20230978579
35.5043888889 -84.1694381882 -0.316472496772
36.1293888889 -79.1046859359 0.180115170453
36.2960555556 -76.1026213714 0.047961135216
36.5377222222 -80.5630192693 -0.431604820197
43.0210555556 -75.9383946446 -0.266511684093
42.4377222222 -74.1910222723 0.528674942843
39.5377222222 -76.825218969 -1.04203279273
33.2793888889 -81.3578766266 -0.583402774298
40.9710555556 -75.7675988488 -0.871347183098
33.0710555556 -76.9763075576 -0.0318966641033
36.3460555556 -75.8595658158 0.351054588329
38.1043888889 -83.1315252753 1.47392572978
36.6377222222 -84.1563000501 -0.733586539472
36.1710555556 -78.1850162663 -0.295529518292
36.2627222222 -83.8935372873 -0.222093804775
39.5793888889 -81.3841529029 -1.44972375792
34.2377222222 -78.1850162663 0.0239832166098
40.1627222222 -83.2431994494 3.44743835376
34.9210555556 -82.625706957 -0.305614531445
36.1543888889 -82.5928616116 -0.712277122463
41.8627222222 -83.0198511011 -0.0467139239527
41.2710555556 -80.6024336837 -1.47496888004
38.5210555556 -82.3235297798 -0.0785051960988
33.0293888889 -73.9545357858 -0.592030657623
37.5210555556 -76.7266829329 0.279660405443
33.6460555556 -83.387718969 -0.462284908986
35.9043888889 -80.5827264765 -0.996389460208
37.5210555556 -80.1820132633 -1.84241458645
35.5793888889 -77.7120432933 -0.398834156179
33.3710555556 -78.9535973473 -0.108939683517
39.0127222222 -78.3886574074 -0.592268366091
34.9710555556 -83.6044982482 -1.03464438953
34.6627222222 -80.7929366867 -1.27741572011
33.1793888889 -74.2107294795 0.105583976928
33.3210555556 -73.4355793293 -0.123904482884
34.7293888889 -73.3895958458 1.75071782551
37.3877222222 -82.2906844344 -0.860021480791
41.4627222222 -75.3143330831 -1.02763027819
33.9793888889 -75.8332895395 -0.260507813058
39.6127222222 -80.7009697197 -1.52532594587
39.4877222222 -81.2724787287 -0.827817595627
33.3710555556 -77.1668105606 -0.0244153681593
38.2627222222 -75.7741679179 -0.393296510828
34.5043888889 -84.5044607107 -0.316958970079
41.8793888889 -83.6833270771 -0.958182645148
43.2043888889 -81.3513075576 -1.60043282545
35.8043888889 -73.7311874374 1.64808373947
37.2877222222 -81.4367054555 -1.64069183285
43.0127222222 -78.5791604104 -0.943650684187
37.5127222222 -81.9359547047 -1.41726946154
40.8543888889 -81.3513075576 -0.693453779341
33.4877222222 -75.6493556056 -0.862192081276
32.7627222222 -81.4958270771 0.589900032749
33.1043888889 -83.578221972 -1.06457834986
33.5543888889 -82.6125688188 2.05343046557
35.8127222222 -83.8015703203 0.797056900549
41.8543888889 -79.6302114615 0.780699579639
33.6043888889 -82.8621934434 2.25109185316
33.6543888889 -83.7358796296 1.91400250044
37.9043888889 -73.691773023 1.51067896652
34.8877222222 -81.5352414915 -0.889340914992
37.8543888889 -80.1688751251 -2.06265578915
36.9127222222 -81.390721972 -0.567610292129
38.2043888889 -76.9368931431 -1.0959152137
42.4877222222 -80.3659471972 0.77661667523
32.8627222222 -77.3901589089 0.585246291181
37.3877222222 -80.8651964464 -2.11807025127
36.9793888889 -82.1658721221 0.711077510456
39.0377222222 -77.1273961461 -0.980384161263
33.1960555556 -81.9885072573 -0.945521471466
41.7960555556 -78.0864802302 -0.431351179268
37.2960555556 -75.2289351852 0.157699905856
41.1210555556 -74.5326138639 0.438132258674
39.3877222222 -82.7899336837 1.04082047048
37.5877222222 -82.0673360861 -0.124520284214
36.3210555556 -79.6761949449 -1.16897092797
34.5210555556 -77.8040102603 0.143426523999
38.7793888889 -80.8980417918 -1.36404013677
40.0543888889 -78.5266078579 -1.09221271379
36.2377222222 -80.62870996 -0.808101555437
42.6043888889 -74.6968405906 0.486673193807
38.4043888889 -77.9353916416 -0.885567711354
40.0293888889 -75.2486423924 -0.871595577919
33.6710555556 -78.920752002 -0.0922108835164
36.3127222222 -73.8100162663 2.4972557231
38.5460555556 -74.8873435936 0.289095680681
36.6960555556 -78.9930117618 -0.237795167416
34.8877222222 -82.3695132633 -0.590310552779
34.5627222222 -79.5710898398 -0.713740277179
40.4710555556 -83.2103541041 3.14169950028
42.1877222222 -77.6989051552 0.890722628278
37.7877222222 -83.1840778278 0.315434176991
35.9377222222 -74.1713150651 1.41407452739
37.5710555556 -82.3563751251 -0.608670782557
37.8793888889 -75.879273023 -0.201183007275
35.6627222222 -77.3573135636 0.0103383534634
33.6543888889 -73.7377565065 -0.270902249715
41.6460555556 -83.1446634134 1.21392385364
40.6377222222 -74.0399336837 0.479542115033
42.5543888889 -79.8469907407 0.829803705315
38.5293888889 -77.3770207708 -1.04168386893
34.7960555556 -80.8389201702 -1.09615887539
41.0710555556 -81.9688000501 -0.123005711179
37.4793888889 -77.3244682182 0.27199750345
38.1877222222 -82.6848285786 0.581569412796
34.3043888889 -83.0395583083 -0.0722686509715
40.2293888889 -83.1512324825 1.74357224184
37.9127222222 -79.9389577077 -1.96481382925
38.5043888889 -78.4083646146 -0.995591572491
34.1293888889 -75.6493556056 -0.334027688658
34.1127222222 -73.5603916416 0.0174626314008
40.7460555556 -81.5943631131 -0.786912017512
36.0793888889 -75.8267204705 0.506217513769
39.9627222222 -75.9975162663 -0.871651160604
33.4627222222 -79.0718405906 -0.642032994215
39.3627222222 -80.2936874374 -1.94180214781
40.9127222222 -84.3533721221 0.935826501799
36.4710555556 -77.4821258759 0.0749286366077
37.0793888889 -78.9601664164 0.0780624562487
35.1377222222 -82.7899336837 -0.41931101482
36.7293888889 -73.8100162663 2.55230687533
38.1627222222 -78.15873999 0.253970096113
36.2627222222 -74.644288038 1.72897645447
33.2627222222 -74.0005192693 -0.401196925736
36.7960555556 -74.3355417918 2.35369155796
37.7210555556 -81.5549486987 0.21447507599
36.5377222222 -75.0909847347 0.217303738842
38.1960555556 -83.6570508008 2.49946557634
35.1127222222 -78.539745996 0.081843557568
35.4043888889 -73.2976288789 1.67179977175
41.7793888889 -79.012718969 0.801149389731
36.4877222222 -75.1632444945 1.12152226866
41.6460555556 -74.4143706206 0.726203920236
40.4877222222 -82.4220658158 -0.408055672079
39.5210555556 -76.8646333834 -1.06153608863
36.4127222222 -74.4603541041 1.84476496941
40.3877222222 -77.3573135636 -1.12327574152
38.1877222222 -83.3745808308 1.68666199775
41.0543888889 -78.6974036537 -0.735985721554
42.3210555556 -84.248267017 0.166983909096
43.0460555556 -80.8389201702 -0.0327820876209
34.0043888889 -74.5063375876 0.284807525041
38.0960555556 -77.7514577077 0.0496325809931
35.6460555556 -84.2811123624 -0.540839001148
40.9293888889 -74.4078015516 0.642055198299
39.5543888889 -77.869700951 0.0188818314703
42.2960555556 -74.5194757257 0.430845931384
40.5543888889 -76.8383571071 -1.02518845874
35.0127222222 -78.631712963 0.0112178511203
42.5293888889 -82.9344532032 0.122949660026
37.6460555556 -80.6878315816 -2.17695478032
41.8210555556 -84.2416979479 -0.501978714976
40.3710555556 -81.0359922422 -0.33763071405
38.6793888889 -75.9055492993 0.287653759989
42.6377222222 -77.5281093594 -0.270757539035
34.1460555556 -76.7135447948 0.0514358946516
35.4627222222 -84.2614051552 -0.454613053486
34.8377222222 -84.2219907407 0.171937960539
38.9127222222 -73.5800988488 -0.536261795218
41.9710555556 -78.6251438939 0.626340975119
34.9293888889 -74.8676363864 0.753441269443
37.4627222222 -80.0966153654 -1.6291007542
38.7127222222 -73.3764577077 0.621225686042
39.9043888889 -80.2214276777 -1.05708020162
39.4627222222 -83.5322384885 3.35866232422
40.0627222222 -81.0425613113 -0.445044534552
33.8377222222 -80.3133946446 -0.940724378462
40.4627222222 -80.9308871371 -0.177528692754
39.6127222222 -79.873267017 -1.63679269159
38.5460555556 -80.6155718218 -1.82295801663
42.1627222222 -80.3593781281 0.770351618122
34.6710555556 -76.3653841341 0.440140036178
35.6043888889 -81.6863300801 -0.328616753845
35.9293888889 -80.3725162663 -0.98128694067
36.4793888889 -80.9374562062 -0.275100280163
37.0710555556 -81.0622685185 -0.209676252833
33.8877222222 -80.5761574074 -0.67480265938
40.9293888889 -73.4355793293 0.684941495065
34.6043888889 -74.3355417918 1.36612999921
35.9627222222 -76.641285035 0.249306099961
40.2960555556 -81.9688000501 0.423844970381
39.0543888889 -83.6504817317 2.7008761357
33.2627222222 -83.1840778278 3.30595220404
37.5877222222 -80.3528090591 -1.72848956965
36.0377222222 -79.8272835335 -1.42724268949
41.8877222222 -81.8965402903 -0.127641233689
34.7043888889 -83.4928240741 -0.795618502933
37.8710555556 -81.7126063564 -1.7182102955
37.1793888889 -84.0314877377 2.55836636859
36.8293888889 -79.7353165666 0.122204445515
40.1793888889 -77.7843030531 -0.931486065478
36.9793888889 -79.8010072573 0.171594106266
41.9377222222 -74.736255005 -0.147165094691
39.5210555556 -75.3865928428 -0.549169327044
37.5377222222 -77.1339652152 -0.147985278742
42.8543888889 -78.9404592092 0.888754262309
41.4210555556 -79.5973661161 0.744495351542
33.2960555556 -82.6979667167 2.47081719105
40.3793888889 -83.2629066567 1.63671901499
35.2377222222 -84.1957144645 -1.02055014151
39.9460555556 -82.8424862362 -0.717326049466
32.8460555556 -76.1157595095 -0.491846354993
36.2377222222 -73.3501814314 2.1476330918
40.5043888889 -74.355248999 0.960807844319
37.7793888889 -80.8717655155 -0.0663454120245
37.2793888889 -80.6090027528 -0.837100725838
41.2210555556 -82.1658721221 0.10943373741
37.9877222222 -78.0864802302 0.0916401324019
33.9127222222 -73.2844907407 0.0569538323017
37.2377222222 -77.7711649149 0.507187345617
33.1377222222 -83.197215966 3.56349009153
42.1210555556 -79.4068631131 0.814444554317
36.7377222222 -77.0485673173 -0.255184621877
42.5460555556 -73.3633195696 0.76179074526
41.7543888889 -74.0136574074 0.627720557479
40.8043888889 -76.5690252753 -1.04460238642
42.2210555556 -83.8935372873 -0.34842979731
40.0543888889 -78.9273210711 -1.05081222111
34.4210555556 -74.3815252753 0.985273092548
41.0710555556 -75.8201514014 -1.05681044856
38.9793888889 -80.4119306807 -1.90885468306
32.8877222222 -74.4997685185 0.096761189215
36.3210555556 -84.5373060561 -0.9908000964
33.1710555556 -78.5331769269 0.0641844204987
38.8460555556 -80.8783345846 -1.4082681814
40.8460555556 -75.8332895395 -0.714358677027
37.4543888889 -78.9733045546 -1.32609034487
40.9960555556 -74.1450387888 0.987865583995
35.8377222222 -74.5654592092 2.56140216587
40.8543888889 -73.9348285786 0.726997499344
36.4460555556 -77.015721972 -0.156478876165
33.7543888889 -73.8428616116 -0.379982859627
32.9877222222 -74.6705643143 -0.180163410424
34.2043888889 -74.9136198699 1.19155663816
42.8543888889 -76.2011574074 -0.759776795848
34.6460555556 -74.6311498999 1.16370360305
38.9460555556 -78.7893706206 -1.05216657236
33.5877222222 -84.340233984 0.949555027369
38.1627222222 -84.248267017 2.45963689268
40.2293888889 -82.0870432933 -0.248377160992
42.8210555556 -78.9535973473 0.651064863145
34.5377222222 -78.6908345846 -0.0173573648834
41.8127222222 -78.1061874374 0.53896949558
39.0960555556 -83.6373435936 2.94081915898
39.1710555556 -78.4740553053 -0.839083883942
43.1293888889 -82.5665853353 -1.0719748502
37.6210555556 -77.7974411912 0.180741409246
34.4127222222 -84.1760072573 0.081271283793
35.4710555556 -82.7702264765 -0.414445914345
41.5043888889 -77.1930868368 -1.23157588548
42.2877222222 -77.4164351852 0.812199876526
42.6710555556 -73.7311874374 0.702668718991
37.5710555556 -76.7069757257 0.172662155863
36.0210555556 -74.9793105606 2.33521295983
38.5127222222 -79.6959021522 -1.49761144129
38.2377222222 -73.8165853353 0.460904352093
33.9210555556 -77.3638826326 -0.253290952371
40.4043888889 -75.3931619119 -0.847949794149
40.5627222222 -76.4770583083 -0.886577591098
40.1210555556 -75.2026589089 -0.566960489039
35.0293888889 -83.3023210711 -0.0319533952006
36.3710555556 -78.7762324825 0.343593154634
33.6127222222 -81.1870808308 -0.554138293021
40.7377222222 -79.1178240741 -0.980228973708
36.2043888889 -73.6195132633 2.10321974587
35.9543888889 -77.7383195696 -0.0406008732832
33.8710555556 -77.7711649149 0.306335679742
40.0127222222 -79.4397084585 -1.47853275964
34.3210555556 -75.2486423924 0.235659503012
35.1043888889 -79.6696258759 0.00941305139942
38.2627222222 -78.8156468969 -1.12578710649
39.8293888889 -81.6994682182 -0.84971784764
35.9710555556 -78.7959396897 0.200679516634
37.8710555556 -75.9778090591 -0.51188956062
40.5210555556 -74.0924862362 0.452296225493
38.2793888889 -78.2309997497 -1.07167532737
38.1710555556 -74.5523210711 0.301357705623
35.2377222222 -75.9449637137 -0.0387425710793
37.4293888889 -79.9126814314 -1.8417968063
36.5710555556 -83.7490177678 1.81168508978
41.7210555556 -79.0258571071 0.794925969481
40.6460555556 -76.5493180681 -0.952409137386
40.2710555556 -81.0491303804 -0.63679797608
33.2543888889 -73.3173360861 -0.259825615915
34.3210555556 -77.4755568068 -0.539588430489
34.9293888889 -78.9995808308 -0.42789423965
37.4543888889 -82.4286348849 -1.16317427494
36.4460555556 -73.4552865365 2.78945950106
39.6210555556 -78.9995808308 -1.11819597544
38.6960555556 -74.7296859359 -0.0759371006177
35.9543888889 -78.539745996 0.296446757719
35.3460555556 -79.1966529029 0.0960871765344
39.9377222222 -79.1638075576 -1.0587720771
41.8293888889 -73.1990928428 0.287515333564
33.0127222222 -84.057764014 0.254627404546
40.9293888889 -75.9778090591 -0.697919064606
40.9043888889 -74.5129066567 0.452295157782
39.4627222222 -78.3755192693 -0.909304559234
38.4460555556 -83.0264201702 1.3203371952
41.3210555556 -74.0267955455 1.1241659686
35.1543888889 -78.920752002 -0.216906701777
35.1460555556 -75.5573886386 -0.214786581286
38.3627222222 -81.5352414915 -0.465073476076
37.3543888889 -78.9404592092 0.0202089662045
32.9627222222 -81.0425613113 -0.283309616391
42.8627222222 -75.0581393894 0.61593760647
37.1877222222 -74.8873435936 0.571784328092
40.3710555556 -80.254273023 0.752674277714
42.4293888889 -78.8550613113 0.864866764894
37.6210555556 -83.5322384885 0.607649742579
34.8293888889 -75.1303991491 1.05261933631
41.1710555556 -74.5851664164 -0.206975050041
37.6043888889 -74.4866303804 -0.168267710117
38.3877222222 -77.8959772272 -0.956955329694
34.4127222222 -78.3295357858 0.0528456801492
34.4043888889 -83.7096033534 -1.77257970797
42.8543888889 -77.2719156657 -0.324760785099
40.4960555556 -75.3209021522 -1.14488423275
35.7377222222 -83.5191003504 0.731046907848
33.4377222222 -78.6448511011 -0.106753974834
42.7377222222 -78.060203954 1.08777724541
42.1627222222 -83.1643706206 0.748611589533
36.7543888889 -82.9672985485 0.873884939584
32.9210555556 -74.3815252753 -0.0703357149938
39.5377222222 -83.8147084585 3.39693348529
42.8377222222 -73.2582144645 1.32475563058
42.3960555556 -78.1456018519 0.868700286781
35.5793888889 -73.2385072573 1.40033076236
38.1877222222 -74.9727414915 0.139490577129
36.0793888889 -80.1228916416 -0.336329747653
33.7377222222 -75.0778465966 -1.02823608183
34.5543888889 -76.069776026 -0.042102524012
35.7377222222 -82.9804366867 0.0327769035855
40.9627222222 -74.637718969 -0.434045344331
40.1127222222 -75.6493556056 0.430297992165
35.5043888889 -79.7024712212 -1.29112408995
42.4543888889 -83.5256694194 0.445272971938
35.4460555556 -74.545752002 1.35387147208
41.4627222222 -75.1763826326 -0.986970539114
34.9210555556 -84.1891453954 0.018999743783
39.2377222222 -83.1118180681 0.829605631796
36.2710555556 -77.7186123624 0.235085023506
37.4627222222 -79.8075763263 -1.57195475988
34.3793888889 -76.7989426927 0.243223760745
40.0543888889 -76.4376438939 -0.630296905623
35.2877222222 -80.62870996 -0.050914935531
36.6293888889 -78.0996183684 0.160327442815
34.7210555556 -73.5275462963 1.61288655989
33.9210555556 -78.3361048549 0.161079702126
42.5793888889 -81.9819381882 0.601006077443
42.7877222222 -75.2946258759 0.496589517373
36.3877222222 -83.0329892392 1.81883016196
37.5127222222 -80.444776026 -1.16404443216
39.4710555556 -80.2082895395 -1.89527674316
37.0543888889 -82.5008946446 0.392428040537
39.2127222222 -76.2471408909 -0.324044654019
42.6960555556 -84.0117805305 -0.94519269343
39.6127222222 -73.8034471972 -0.349763373279
34.6210555556 -78.6185748248 0.260373292299
35.6293888889 -76.2734171672 0.429468540836
39.3210555556 -74.3946634134 -0.233208978874
39.1710555556 -75.1895207708 -0.0153343667509
35.1960555556 -73.4224411912 -0.327959379171
36.8710555556 -84.3665102603 -0.324345767039
32.9293888889 -77.2193631131 -0.144285692162
37.3543888889 -77.1733796296 0.213037093837
42.8627222222 -82.0279216717 0.322255401794
40.7377222222 -78.638282032 0.435021772796
43.1793888889 -81.4629817317 -1.55646614781
39.9127222222 -76.5887324825 -0.304216719107
39.6043888889 -80.7141078579 -1.64264775521
33.8543888889 -74.3946634134 -0.751974619929
41.6460555556 -78.5594532032 0.232180064401
36.9377222222 -75.6427865365 -0.425474196206
39.3877222222 -79.8469907407 -1.79544392299
35.2710555556 -78.4017955455 0.109253877129
39.0377222222 -79.9389577077 -1.81587083315
36.7710555556 -77.2981919419 0.217077736257
38.3793888889 -73.3370432933 2.47621961624
34.0960555556 -83.5519456957 0.7210663046
37.9543888889 -74.3026964464 -0.163933270904
37.1043888889 -84.2416979479 1.36322477707
38.6960555556 -84.3073886386 1.70416084359
36.1710555556 -83.4665477978 -0.0782956264823
42.9543888889 -83.7621559059 -1.08611138802
35.7627222222 -79.0849787287 0.00540840566815
37.1877222222 -81.0294231732 -1.56924894956
40.0127222222 -84.1431619119 1.23748540715
33.8627222222 -81.7520207708 -0.698595965541
33.0627222222 -77.2390703203 -0.291438270898
35.4377222222 -80.3790853353 0.260300811312
38.5543888889 -75.8858420921 -0.564767654772
35.9627222222 -79.400294044 -0.0165454345835
38.1710555556 -83.4337024525 2.61511665631
37.7043888889 -74.2172985485 1.00152017589
42.5460555556 -73.7443255756 0.589617772694
41.8960555556 -75.7084772272 -0.470066061849
36.1710555556 -83.2300613113 2.07476951683
35.5210555556 -79.1309622122 0.133115053854
33.3460555556 -76.0763450951 -0.458678844023
33.0377222222 -76.1551739239 -1.36017589429
33.8127222222 -83.3220282783 1.47867951603
42.8877222222 -77.0551363864 -0.0647626285888
32.8377222222 -75.1041228729 -1.07598935883
33.0377222222 -79.8535598098 -0.554505252662
37.6293888889 -79.9849411912 -1.21191493309
33.4210555556 -75.4128691191 -1.17953141233
40.2460555556 -73.0939877377 0.694224453781
33.9210555556 -82.5797234735 1.84778201887
40.7377222222 -73.9808120621 1.27012692889
40.5877222222 -84.3927865365 -0.131564012797
33.6460555556 -74.3224036537 -0.695494125683
36.1627222222 -80.1885823323 -1.22111471625
37.1710555556 -78.5266078579 -0.0356119864549
33.5293888889 -76.5033345846 -0.0276339863948
42.4293888889 -82.8556243744 -0.342283453561
36.5543888889 -75.872703954 0.496134048325
40.3210555556 -80.4119306807 0.774278426324
35.6960555556 -78.0799111612 -0.315227753492
37.9960555556 -75.3471784284 -0.471178520811
34.8543888889 -76.3850913413 0.37790211068
34.2543888889 -83.8015703203 -0.512545023102
35.3960555556 -79.7484547047 -1.33049242276
39.9543888889 -82.4549111612 -0.596762237016
42.7377222222 -78.1718781281 1.10663359373
43.0710555556 -78.2309997497 -0.576196873756
43.0793888889 -76.8383571071 -0.132776631416
34.5127222222 -78.4215027528 -0.088642911054
32.9710555556 -74.9464652152 -0.268036514429
36.2627222222 -81.2330643143 -0.471309365082
42.1460555556 -83.4731168669 -0.182373839393
39.2877222222 -80.1951514014 -1.95234625939
37.9043888889 -84.2416979479 2.26279862056
38.3877222222 -76.3719532032 -0.498240112307
37.3293888889 -81.8768330831 -0.130353078924
39.4127222222 -82.1593030531 0.407964458913
40.5043888889 -76.1091904404 -0.322555193295
38.6127222222 -76.8055117618 -0.801571466971
32.9877222222 -82.6059997497 2.09768022257
36.6793888889 -83.3088901401 0.0955499553524
36.9043888889 -79.6170733233 -0.464754511229
41.7710555556 -84.1300237738 1.32500406655
34.6293888889 -76.1091904404 -0.172340341647
39.2793888889 -76.1748811311 -0.303983014245
36.9710555556 -83.7161724224 2.5265983687
34.2710555556 -74.4406468969 1.84957330916
33.5210555556 -77.8565628128 0.245170870416
40.7793888889 -80.3002565065 0.80695436561
34.7960555556 -79.3148961461 -0.609390422981
36.8210555556 -79.7353165666 -0.112891349216
35.0377222222 -79.0784096597 -0.480143837575
42.8210555556 -79.0258571071 0.885413391487
34.2293888889 -82.4483420921 -0.671145625457
40.5127222222 -82.1658721221 -0.225434339319
41.2627222222 -76.9500312813 -0.286754376121
34.9877222222 -79.400294044 0.271496937255
36.5127222222 -75.6690628128 0.662429360179
39.0877222222 -78.9338901401 -1.22128867174
35.9127222222 -77.396727978 -0.0985202025076
33.6377222222 -74.7953766266 -0.328868251698
33.7543888889 -79.5710898398 -0.116515741228
39.7543888889 -75.3537474975 -0.473817376048
37.7043888889 -73.9808120621 1.99459603103
34.8543888889 -78.9470282783 -0.153766042222
38.7960555556 -80.819212963 -1.94717474689
42.2627222222 -84.2219907407 -0.0413755082596
38.6960555556 -75.3274712212 -0.0616050340285
36.5293888889 -81.4629817317 -0.770152870498
40.5127222222 -73.3895958458 1.08992779331
42.2877222222 -82.7505192693 -0.432519217976
36.8710555556 -79.7615928428 -0.307390020967
34.1460555556 -78.822215966 0.201361533318
40.9627222222 -73.3173360861 1.11243925219
40.4710555556 -75.1106919419 -0.746871547712
39.2710555556 -84.1825763263 3.02973016773
40.0293888889 -74.1975913413 -0.675471840649
33.3460555556 -81.2659096597 0.113541111593
36.8543888889 -73.9479667167 2.73923767111
42.5960555556 -75.307764014 -0.152883368764
35.4043888889 -78.4806243744 -0.0165608639385
39.3960555556 -82.1264577077 -0.289930587404
39.5127222222 -78.3820883383 -0.857475249055
33.3460555556 -78.3755192693 -0.525505269862
42.1627222222 -74.7822384885 0.426878640071
43.0127222222 -79.2492054555 0.313327611896
39.5377222222 -75.5114051552 0.257019747918
37.7377222222 -73.7049111612 2.34363167363
39.0793888889 -80.1688751251 -1.81680798262
40.2127222222 -77.2193631131 -0.745782890429
40.4293888889 -73.1990928428 1.02895262272
33.1710555556 -75.1435372873 -0.153257894871
36.3960555556 -81.4169982482 -0.345674671251
37.9877222222 -79.6433495996 -0.377379524679
37.8293888889 -78.5660222723 -1.18069350073
35.7960555556 -74.6705643143 2.36357599122
38.3543888889 -79.4659847347 -0.00466694948327
38.1710555556 -82.0936123624 -0.363923318392
37.5960555556 -77.1865177678 -0.157811068051
35.8210555556 -73.875706957 1.80936936412
38.4960555556 -76.4639201702 -0.816764726796
34.0543888889 -84.2811123624 2.16224718768
37.5710555556 -78.5660222723 -1.21656435903
37.5210555556 -80.3593781281 -1.5144872907
41.3127222222 -82.0016453954 0.145639734347
38.2210555556 -75.7544607107 -0.346791834891
39.7127222222 -82.1067505005 -0.425689320357
35.0460555556 -76.6609922422 0.174377523999
38.6460555556 -78.7433871371 -1.07798264911
33.6043888889 -74.4800613113 -0.874429854197
42.1793888889 -78.7433871371 0.845674932811
38.1043888889 -84.0774712212 2.54990366498
39.3043888889 -84.0446258759 2.46147508583
42.1127222222 -77.3178991491 0.605128111835
33.9043888889 -81.9885072573 -0.747468629762
36.1710555556 -81.4301363864 -0.241761994967
35.7793888889 -82.5665853353 -0.822551829756
41.2377222222 -80.7469532032 -0.833087742558
42.7793888889 -82.244700951 -1.01401356296
36.6293888889 -79.4134321822 -1.40363044482
34.1710555556 -74.4275087588 1.5574038398
43.0460555556 -77.3573135636 -0.518880048836
42.3293888889 -73.3173360861 0.777823499798
37.9127222222 -77.5281093594 0.197851494622
41.2127222222 -78.5594532032 -1.01636663298
33.7377222222 -80.8980417918 -0.637142674178
39.7710555556 -77.0288601101 -0.940860271059
34.2043888889 -82.1593030531 -0.201118338157
39.0877222222 -74.6114426927 0.598790874289
37.7710555556 -76.0434997497 -0.164836520666
33.9793888889 -79.8272835335 -1.56017427755
36.8960555556 -73.593236987 2.7373537008
37.5877222222 -75.3209021522 -0.269029562887
35.3127222222 -81.7585898398 -0.318069616434
36.5377222222 -84.0709021522 -1.05828305823
40.0960555556 -75.399730981 -0.755657350525
33.0377222222 -79.0784096597 -0.187799545216
40.6543888889 -79.5973661161 -0.0672065375142
39.8960555556 -76.6084396897 -0.722712616585
37.5960555556 -80.3987925425 -1.88345294581
41.1543888889 -76.1748811311 -0.844057120165
36.2043888889 -78.0470658158 -0.1825756791
36.9793888889 -83.676758008 2.90266318465
38.3710555556 -75.4391453954 0.0202926211457
34.8543888889 -76.831788038 -0.0661970170472
33.9793888889 -76.3785222723 0.0960185706456
39.5793888889 -73.9019832332 -0.494277886086
35.6710555556 -74.2107294795 1.20342576577
37.3127222222 -77.9353916416 0.307276134078
37.5627222222 -83.7227414915 1.80506166833
41.0043888889 -79.3740177678 -0.0976350886894
33.1793888889 -77.9156844344 -0.0489072758781
39.2460555556 -75.3471784284 -0.130585058827
33.7710555556 -83.2563375876 1.14857918699
40.1460555556 -78.9995808308 -0.959666756283
32.4877222222 -81.4169982482 -0.5043084391
32.8043888889 -74.8939126627 -0.122756925829
35.4960555556 -80.635279029 0.296574856714
39.9960555556 -73.2056619119 0.345029581078
35.4043888889 -80.4316378879 0.0191596301148
40.4210555556 -78.7105417918 -0.914939225684
38.4793888889 -82.5862925425 -0.714890834271
41.6293888889 -81.9753691191 -0.195876190982
40.2293888889 -82.3300988488 0.592518193142
42.4960555556 -80.3133946446 0.674513293656
41.7043888889 -77.0485673173 -1.22214409679
40.7627222222 -77.968236987 -0.960066381811
35.7627222222 -74.0465027528 1.85074863156
39.2710555556 -77.4098661161 -0.0579837779274
40.4543888889 -81.6534847347 -0.295381013322
36.8210555556 -74.2172985485 1.8972157809
42.3960555556 -77.5215402903 0.359404625935
35.6960555556 -74.7099787287 2.57418394383
38.2043888889 -80.9965778278 -1.57584052651
41.0960555556 -83.1380943443 1.84278288863
42.0793888889 -76.1157595095 -0.712889879681
37.7710555556 -84.3073886386 2.00418654018
43.0793888889 -80.0900462963 0.310211058399
40.5043888889 -82.244700951 0.255283826141
35.5293888889 -74.3946634134 1.35028841993
41.8377222222 -80.6418480981 0.734967884967
34.1877222222 -81.8768330831 -0.593009849748
41.2127222222 -76.6806994494 -0.980108745471
36.6043888889 -81.2856168669 -0.417644670177
34.4377222222 -76.9631694194 0.0880971340692
33.7960555556 -80.0506318819 -0.819872016745
42.8960555556 -76.9828766266 0.147446224465
39.8293888889 -83.486255005 3.35902396463
36.0043888889 -81.6272084585 -0.0900025304291
40.5293888889 -73.8494306807 1.27790788416
36.3877222222 -81.1213901401 -0.724001261805
33.7043888889 -74.8085147648 -0.825480726822
35.7460555556 -83.0789727227 0.215003819552
33.8627222222 -73.2319381882 -0.315439304139
35.8793888889 -73.7180492993 1.27210864851
41.8877222222 -81.3710147648 -0.257940621319
36.9543888889 -83.3483045546 0.866267179142
39.7793888889 -74.3880943443 -0.604135282584
43.0293888889 -76.9303240741 -0.0462565376832
38.1960555556 -73.4815628128 2.30179120557
38.9877222222 -82.7767955455 2.58237679211
32.8377222222 -75.6624937437 -0.799801775003
35.1127222222 -75.3734547047 0.0998248989413
41.5960555556 -84.2614051552 -0.413275752344
43.0877222222 -75.307764014 0.197368252415
39.7710555556 -80.4053616116 -1.8311211534
38.4627222222 -74.545752002 -0.13081785114
35.7210555556 -76.8646333834 0.518479084577
38.0377222222 -81.7454517017 -1.17774670087
41.8877222222 -82.9804366867 0.369689963374
37.3127222222 -76.8712024525 -0.173751185531
42.3127222222 -74.3749562062 0.49641662231
36.7793888889 -79.393724975 -0.0135987170592
40.0877222222 -83.6044982482 1.29569792833
37.4627222222 -80.9900087588 -2.04616237077
42.1043888889 -79.7024712212 0.799542059267
38.6043888889 -81.3775838338 -1.06752138811
34.3627222222 -78.5922985485 -0.0434224386914
40.5710555556 -80.9571634134 -0.366155037825
34.0960555556 -78.1258946446 -0.0151269051541
39.5543888889 -73.9545357858 -0.328801683706
40.7793888889 -80.7075387888 -0.389097754185
42.9377222222 -76.3456769269 -0.281122341124
35.8043888889 -75.7938751251 0.673980870628
34.5043888889 -83.4139952452 -0.49766559933
36.1293888889 -83.1775087588 1.03468887206
42.9793888889 -84.4978916416 -0.543815199083
33.4043888889 -78.9470282783 -0.0482346469304
36.8377222222 -82.4877565065 0.637858385383
39.8377222222 -77.5346784284 -0.381394637399
35.3210555556 -75.9383946446 -0.26743020678
42.9960555556 -79.2754817317 0.251712502254
41.9043888889 -81.9425237738 -0.412965790519
40.1710555556 -73.9808120621 0.0768364766005
37.5960555556 -82.2249937437 -0.967433745654
33.7627222222 -76.9960147648 -0.302126149983
38.0710555556 -74.8216529029 0.593002111702
34.7627222222 -76.5361799299 0.178618898842
